-68.654166663928 44.012499997036 0
-68.612499997249 44.012499997036 0
-68.654166663928 44.020833330377 20
-68.645833330593 44.020833330377 46
-68.637499997257 44.020833330377 8
-68.612499997249 44.020833330377 4
-68.645833330593 44.029166663718 29
-68.637499997257 44.029166663718 42
-68.629166663921 44.029166663718 27
-68.645833330593 44.037499997059 37
-68.637499997257 44.037499997059 64
-68.629166663921 44.037499997059 66
-68.620833330585 44.037499997059 56
-68.637499997257 44.0458333304 36
-68.629166663921 44.0458333304 76
-68.620833330585 44.0458333304 91
-68.612499997249 44.0458333304 15
-68.637499997257 44.054166663741 38
-68.629166663921 44.054166663741 71
-68.620833330585 44.062499997082 137
-68.637499997257 44.070833330423 30
-68.629166663921 44.070833330423 61
-68.620833330585 44.070833330423 107
-68.362499997174 44.229166663903 0
-68.329166663831 44.229166663903 7
-68.320833330495 44.229166663903 2
-68.312499997159 44.229166663903 1
-68.329166663831 44.237499997244 13
-68.320833330495 44.237499997244 5
-68.312499997159 44.237499997244 2
-68.304166663823 44.237499997244 2
-68.329166663831 44.245833330585 7
-68.320833330495 44.245833330585 9
-68.312499997159 44.245833330585 15
-68.195833330458 44.245833330585 1
-68.337499997167 44.254166663926 9
-68.329166663831 44.254166663926 13
-68.320833330495 44.254166663926 22
-68.37083333051 44.262499997267 44
-68.354166663838 44.262499997267 13
-68.345833330503 44.262499997267 5
-68.362499997174 44.270833330608 15
-68.354166663838 44.270833330608 11
-68.262499997144 44.270833330608 0
-68.254166663808 44.270833330608 0
-68.387499997182 44.279166663949 49
-68.379166663846 44.279166663949 46
-68.37083333051 44.279166663949 30
-68.362499997174 44.279166663949 30
-68.354166663838 44.279166663949 22
-68.345833330503 44.279166663949 18
-68.395833330518 44.28749999729 27
-68.387499997182 44.28749999729 58
-68.379166663846 44.28749999729 59
-68.37083333051 44.28749999729 81
-68.362499997174 44.28749999729 38
-68.387499997182 44.295833330631 91
-68.379166663846 44.295833330631 168
-68.37083333051 44.295833330631 191
-68.362499997174 44.295833330631 57
-68.354166663838 44.295833330631 43
-68.387499997182 44.304166663972 76
-68.379166663846 44.304166663972 160
-68.37083333051 44.304166663972 290
-68.362499997174 44.304166663972 229
-68.345833330503 44.304166663972 91
-68.337499997167 44.304166663972 61
-68.329166663831 44.304166663972 67
-68.320833330495 44.304166663972 137
-68.312499997159 44.304166663972 30
-68.229166663801 44.304166663972 114
-68.212499997129 44.304166663972 30
-68.204166663793 44.304166663972 15
-68.387499997182 44.312499997313 61
-68.379166663846 44.312499997313 114
-68.37083333051 44.312499997313 122
-68.362499997174 44.312499997313 122
-68.345833330503 44.312499997313 183
-68.337499997167 44.312499997313 61
-68.329166663831 44.312499997313 122
-68.320833330495 44.312499997313 107
-68.295833330488 44.312499997313 107
-68.287499997152 44.312499997313 64
-68.279166663816 44.312499997313 107
-68.27083333048 44.312499997313 76
-68.245833330473 44.312499997313 66
-68.237499997137 44.312499997313 61
-68.229166663801 44.312499997313 137
-68.220833330465 44.312499997313 43
-68.212499997129 44.312499997313 61
-68.204166663793 44.312499997313 46
-68.195833330458 44.312499997313 11
-68.412499997189 44.320833330654 8
-68.395833330518 44.320833330654 30
-68.387499997182 44.320833330654 56
-68.379166663846 44.320833330654 75
-68.37083333051 44.320833330654 46
-68.329166663831 44.320833330654 75
-68.320833330495 44.320833330654 76
-68.304166663823 44.320833330654 0
-68.295833330488 44.320833330654 229
-68.287499997152 44.320833330654 82
-68.279166663816 44.320833330654 198
-68.27083333048 44.320833330654 122
-68.262499997144 44.320833330654 168
-68.254166663808 44.320833330654 91
-68.245833330473 44.320833330654 119
-68.237499997137 44.320833330654 198
-68.229166663801 44.320833330654 76
-68.220833330465 44.320833330654 86
-68.195833330458 44.320833330654 69
-68.395833330518 44.329166663995 46
-68.387499997182 44.329166663995 59
-68.379166663846 44.329166663995 39
-68.304166663823 44.329166663995 0
-68.295833330488 44.329166663995 152
-68.287499997152 44.329166663995 126
-68.279166663816 44.329166663995 229
-68.27083333048 44.329166663995 239
-68.262499997144 44.329166663995 221
-68.254166663808 44.329166663995 84
-68.245833330473 44.329166663995 259
-68.237499997137 44.329166663995 160
-68.229166663801 44.329166663995 137
-68.220833330465 44.329166663995 229
-68.212499997129 44.329166663995 61
-68.195833330458 44.329166663995 91
-68.187499997122 44.329166663995 61
-68.179166663786 44.329166663995 30
-68.387499997182 44.337499997336 44
-68.379166663846 44.337499997336 30
-68.295833330488 44.337499997336 61
-68.287499997152 44.337499997336 259
-68.279166663816 44.337499997336 290
-68.27083333048 44.337499997336 381
-68.262499997144 44.337499997336 193
-68.254166663808 44.337499997336 152
-68.245833330473 44.337499997336 312
-68.237499997137 44.337499997336 147
-68.229166663801 44.337499997336 295
-68.220833330465 44.337499997336 229
-68.212499997129 44.337499997336 61
-68.204166663793 44.337499997336 46
-68.195833330458 44.337499997336 152
-68.187499997122 44.337499997336 91
-68.179166663786 44.337499997336 30
-68.379166663846 44.345833330677 46
-68.295833330488 44.345833330677 61
-68.287499997152 44.345833330677 152
-68.279166663816 44.345833330677 305
-68.27083333048 44.345833330677 351
-68.262499997144 44.345833330677 122
-68.254166663808 44.345833330677 107
-68.245833330473 44.345833330677 152
-68.237499997137 44.345833330677 145
-68.229166663801 44.345833330677 411
-68.220833330465 44.345833330677 260
-68.212499997129 44.345833330677 221
-68.204166663793 44.345833330677 46
-68.195833330458 44.345833330677 203
-68.187499997122 44.345833330677 61
-68.062499997084 44.345833330677 20
-68.054166663748 44.345833330677 71
-68.045833330413 44.345833330677 15
-68.379166663846 44.354166664018 30
-68.287499997152 44.354166664018 76
-68.279166663816 44.354166664018 168
-68.27083333048 44.354166664018 137
-68.262499997144 44.354166664018 134
-68.254166663808 44.354166664018 84
-68.245833330473 44.354166664018 84
-68.237499997137 44.354166664018 229
-68.229166663801 44.354166664018 396
-68.220833330465 44.354166664018 366
-68.212499997129 44.354166664018 305
-68.204166663793 44.354166664018 76
-68.195833330458 44.354166664018 168
-68.187499997122 44.354166664018 46
-68.07083333042 44.354166664018 23
-68.062499997084 44.354166664018 40
-68.054166663748 44.354166664018 63
-68.287499997152 44.36249999736 61
-68.279166663816 44.36249999736 91
-68.27083333048 44.36249999736 81
-68.262499997144 44.36249999736 91
-68.254166663808 44.36249999736 84
-68.245833330473 44.36249999736 88
-68.237499997137 44.36249999736 244
-68.229166663801 44.36249999736 279
-68.220833330465 44.36249999736 160
-68.212499997129 44.36249999736 91
-68.204166663793 44.36249999736 42
-68.195833330458 44.36249999736 46
-68.187499997122 44.36249999736 30
-68.07083333042 44.36249999736 23
-68.062499997084 44.36249999736 37
-68.379166663846 44.370833330701 52
-68.37083333051 44.370833330701 61
-68.312499997159 44.370833330701 46
-68.304166663823 44.370833330701 30
-68.295833330488 44.370833330701 46
-68.287499997152 44.370833330701 89
-68.279166663816 44.370833330701 76
-68.27083333048 44.370833330701 76
-68.262499997144 44.370833330701 99
-68.254166663808 44.370833330701 87
-68.245833330473 44.370833330701 84
-68.237499997137 44.370833330701 122
-68.229166663801 44.370833330701 183
-68.220833330465 44.370833330701 107
-68.212499997129 44.370833330701 30
-68.204166663793 44.370833330701 61
-68.07083333042 44.370833330701 11
-68.062499997084 44.370833330701 15
-68.345833330503 44.379166664042 30
-68.337499997167 44.379166664042 34
-68.312499997159 44.379166664042 30
-68.295833330488 44.379166664042 53
-68.262499997144 44.379166664042 183
-68.254166663808 44.379166664042 91
-68.245833330473 44.379166664042 87
-68.237499997137 44.379166664042 76
-68.229166663801 44.379166664042 122
-68.362499997174 44.387499997383 2
-68.312499997159 44.387499997383 30
-68.27083333048 44.387499997383 137
-68.262499997144 44.387499997383 122
-68.254166663808 44.387499997383 91
-68.245833330473 44.387499997383 82
-68.237499997137 44.387499997383 61
-68.229166663801 44.387499997383 105
-68.179166663786 44.387499997383 2
-68.329166663831 44.395833330724 43
-68.27083333048 44.395833330724 137
-68.262499997144 44.395833330724 91
-68.254166663808 44.395833330724 66
-68.245833330473 44.395833330724 61
-68.237499997137 44.395833330724 61
-68.229166663801 44.395833330724 30
-68.354166663838 44.404166664065 0
-68.279166663816 44.404166664065 75
-68.27083333048 44.404166664065 81
-68.262499997144 44.404166664065 86
-68.254166663808 44.404166664065 46
-68.245833330473 44.404166664065 69
-68.237499997137 44.404166664065 61
-68.179166663786 44.404166664065 0
-68.320833330495 44.412499997406 13
-68.312499997159 44.412499997406 13
-68.27083333048 44.412499997406 46
-68.262499997144 44.412499997406 57
-68.254166663808 44.412499997406 25
-68.320833330495 44.420833330747 8
-68.312499997159 44.420833330747 11
-68.304166663823 44.420833330747 12
-68.295833330488 44.420833330747 7
