-106.35416666668 35.704166666668 1821
-106.34583333335 35.704166666668 1828
-106.33750000001 35.704166666668 1787
-106.32916666668 35.704166666668 1828
-106.32083333335 35.704166666668 1795
-106.31250000001 35.704166666668 1757
-106.30416666668 35.704166666668 1706
-106.29583333335 35.704166666668 1767
-106.35416666668 35.712500000002 1950
-106.34583333335 35.712500000002 1895
-106.33750000001 35.712500000002 1882
-106.32916666668 35.712500000002 1767
-106.32083333335 35.712500000002 1780
-106.31250000001 35.712500000002 1706
-106.30416666668 35.712500000002 1767
-106.29583333335 35.712500000002 1692
-106.35416666668 35.720833333335 1926
-106.34583333335 35.720833333335 1883
-106.33750000001 35.720833333335 1892
-106.32916666668 35.720833333335 1849
-106.32083333335 35.720833333335 1767
-106.31250000001 35.720833333335 1798
-106.30416666668 35.720833333335 1781
-106.29583333335 35.720833333335 1737
-106.28750000001 35.720833333335 1706
-106.27916666668 35.720833333335 1767
-106.35416666668 35.729166666668 1950
-106.34583333335 35.729166666668 1890
-106.33750000001 35.729166666668 1828
-106.32916666668 35.729166666668 1858
-106.32083333335 35.729166666668 1835
-106.31250000001 35.729166666668 1828
-106.30416666668 35.729166666668 1828
-106.29583333335 35.729166666668 1733
-106.28750000001 35.729166666668 1860
-106.27916666668 35.729166666668 1706
-106.27083333335 35.729166666668 1809
-106.35416666668 35.737500000002 2036
-106.34583333335 35.737500000002 1969
-106.33750000001 35.737500000002 1950
-106.32916666668 35.737500000002 1895
-106.32083333335 35.737500000002 1883
-106.31250000001 35.737500000002 1832
-106.30416666668 35.737500000002 1843
-106.29583333335 35.737500000002 1743
-106.28750000001 35.737500000002 1828
-106.27916666668 35.737500000002 1887
-106.27083333335 35.737500000002 1889
-106.26250000001 35.737500000002 1637
-106.35416666668 35.745833333335 2143
-106.34583333335 35.745833333335 2072
-106.33750000001 35.745833333335 1976
-106.32916666668 35.745833333335 1903
-106.32083333335 35.745833333335 1906
-106.31250000001 35.745833333335 1883
-106.30416666668 35.745833333335 1889
-106.29583333335 35.745833333335 1767
-106.28750000001 35.745833333335 1889
-106.27916666668 35.745833333335 1886
-106.27083333335 35.745833333335 1889
-106.26250000001 35.745833333335 1676
-106.35416666668 35.754166666668 2173
-106.34583333335 35.754166666668 2086
-106.33750000001 35.754166666668 2057
-106.32916666668 35.754166666668 1933
-106.32083333335 35.754166666668 1950
-106.31250000001 35.754166666668 1925
-106.30416666668 35.754166666668 1887
-106.29583333335 35.754166666668 1823
-106.28750000001 35.754166666668 1855
-106.27916666668 35.754166666668 1863
-106.27083333335 35.754166666668 1897
-106.26250000001 35.754166666668 1890
-106.35416666668 35.762500000002 2316
-106.34583333335 35.762500000002 2187
-106.33750000001 35.762500000002 2080
-106.32916666668 35.762500000002 2072
-106.32083333335 35.762500000002 2011
-106.31250000001 35.762500000002 1950
-106.30416666668 35.762500000002 1874
-106.29583333335 35.762500000002 1939
-106.28750000001 35.762500000002 1950
-106.27916666668 35.762500000002 1902
-106.27083333335 35.762500000002 1924
-106.26250000001 35.762500000002 1891
-106.35416666668 35.770833333335 2233
-106.34583333335 35.770833333335 2097
-106.33750000001 35.770833333335 2011
-106.32916666668 35.770833333335 2133
-106.32083333335 35.770833333335 2047
-106.31250000001 35.770833333335 1932
-106.30416666668 35.770833333335 1979
-106.29583333335 35.770833333335 1951
-106.28750000001 35.770833333335 1950
-106.27916666668 35.770833333335 1950
-106.27083333335 35.770833333335 1950
-106.35416666668 35.779166666668 2194
-106.34583333335 35.779166666668 2194
-106.33750000001 35.779166666668 2150
-106.32916666668 35.779166666668 2138
-106.32083333335 35.779166666668 2105
-106.31250000001 35.779166666668 2031
-106.30416666668 35.779166666668 2011
-106.29583333335 35.779166666668 2011
-106.28750000001 35.779166666668 1958
-106.27916666668 35.779166666668 1950
-106.35416666668 35.787500000002 2314
-106.34583333335 35.787500000002 2242
-106.33750000001 35.787500000002 2088
-106.32916666668 35.787500000002 2011
-106.32083333335 35.787500000002 2067
-106.31250000001 35.787500000002 2071
-106.30416666668 35.787500000002 2026
-106.29583333335 35.787500000002 2012
-106.35416666668 35.795833333335 2268
-106.34583333335 35.795833333335 2150
-106.33750000001 35.795833333335 2154
-106.32916666668 35.795833333335 2133
-106.32083333335 35.795833333335 2118
-106.31250000001 35.795833333335 2072
-106.30416666668 35.795833333335 1950
-106.29583333335 35.795833333335 2029
-106.35416666668 35.804166666668 2280
-106.34583333335 35.804166666668 2194
-106.33750000001 35.804166666668 2082
-106.32916666668 35.804166666668 2011
-106.32083333335 35.804166666668 2052
-106.40416666668 35.812500000002 2461
-106.39583333335 35.812500000002 2316
-106.38750000001 35.812500000002 2331
-106.37916666668 35.812500000002 2360
-106.36250000001 35.812500000002 2278
-106.35416666668 35.812500000002 2133
-106.34583333335 35.812500000002 2206
-106.33750000001 35.812500000002 2194
-106.32916666668 35.812500000002 2159
-106.41250000001 35.820833333335 2438
-106.40416666668 35.820833333335 2438
-106.39583333335 35.820833333335 2534
-106.38750000001 35.820833333335 2442
-106.37916666668 35.820833333335 2442
-106.37083333335 35.820833333335 2414
-106.36250000001 35.820833333335 2316
-106.33750000001 35.820833333335 2194
-106.37916666668 35.829166666668 2502
-106.37083333335 35.829166666668 2464
-106.36250000001 35.829166666668 2341
