-115.58750000001 47.97083333335 1424
-115.57083333334 47.97083333335 1040
-115.55416666668 47.97083333335 1468
-115.53750000001 47.97083333335 1798
-115.58750000001 47.987500000017 1829
-115.57083333334 47.987500000017 1439
-115.55416666668 47.987500000017 1384
-115.53750000001 47.987500000017 1773
-115.52083333334 47.987500000017 1678
-115.58750000001 48.004166666683 1841
-115.57083333334 48.004166666683 1310
-115.55416666668 48.004166666683 1800
-115.53750000001 48.004166666683 1672
-115.65416666668 48.02083333335 1852
-115.63750000001 48.02083333335 1949
-115.62083333334 48.02083333335 2077
-115.60416666668 48.02083333335 1741
-115.58750000001 48.02083333335 1847
-115.57083333334 48.02083333335 2100
-115.55416666668 48.02083333335 1701
-115.53750000001 48.02083333335 1575
-115.63750000001 48.037500000017 1848
-115.62083333334 48.037500000017 1743
-115.58750000001 48.037500000017 1839
-115.57083333334 48.037500000017 1588
-115.67083333334 48.054166666683 1567
-115.65416666668 48.054166666683 1526
-115.63750000001 48.054166666683 1221
-115.60416666668 48.054166666683 1748
-115.70416666668 48.07083333335 1836
-115.68750000001 48.07083333335 1890
-115.67083333334 48.07083333335 1923
-115.65416666668 48.07083333335 2050
-115.63750000001 48.07083333335 1736
-115.62083333334 48.07083333335 1727
-115.60416666668 48.07083333335 1980
-115.72083333334 48.087500000017 1372
-115.70416666668 48.087500000017 1671
-115.68750000001 48.087500000017 1952
-115.67083333334 48.087500000017 1655
-115.65416666668 48.087500000017 1726
-115.63750000001 48.087500000017 2163
-115.62083333334 48.087500000017 1780
-115.60416666668 48.087500000017 1410
-115.70416666668 48.104166666683 1793
-115.68750000001 48.104166666683 1559
-115.67083333334 48.104166666683 1237
-115.65416666668 48.104166666683 1732
-115.63750000001 48.104166666683 1882
-115.62083333334 48.104166666683 1561
-115.68750000001 48.12083333335 1117
-115.67083333334 48.12083333335 1556
-115.65416666668 48.12083333335 1976
-115.63750000001 48.12083333335 1888
-115.68750000001 48.137500000017 1469
-115.67083333334 48.137500000017 1590
-115.65416666668 48.137500000017 1960
-115.63750000001 48.137500000017 1874
-115.70416666668 48.154166666683 1221
-115.68750000001 48.154166666683 1605
-115.67083333334 48.154166666683 1878
-115.65416666668 48.154166666683 1749
-115.75416666668 48.17083333335 1157
-115.73750000001 48.17083333335 1482
-115.72083333334 48.17083333335 1766
-115.70416666668 48.17083333335 1880
-115.68750000001 48.17083333335 1839
-115.67083333334 48.17083333335 2012
-115.65416666668 48.17083333335 1694
-115.73750000001 48.187500000017 2292
-115.72083333334 48.187500000017 2084
-115.70416666668 48.187500000017 1810
-115.68750000001 48.187500000017 1837
-115.67083333334 48.187500000017 1527
-115.65416666668 48.187500000017 1285
-115.75416666668 48.204166666683 2083
-115.73750000001 48.204166666683 1689
-115.72083333334 48.204166666683 1766
-115.70416666668 48.204166666683 1949
-115.68750000001 48.204166666683 1999
-115.67083333334 48.204166666683 1857
-115.65416666668 48.204166666683 1593
-115.77083333334 48.22083333335 1548
-115.75416666668 48.22083333335 1520
-115.73750000001 48.22083333335 1579
-115.72083333334 48.22083333335 1772
-115.70416666668 48.22083333335 2053
-115.68750000001 48.22083333335 2467
-115.67083333334 48.22083333335 1621
-115.65416666668 48.22083333335 1859
-115.78750000001 48.237500000017 1679
-115.77083333334 48.237500000017 1406
-115.75416666668 48.237500000017 1360
-115.73750000001 48.237500000017 1715
-115.72083333334 48.237500000017 1773
-115.70416666668 48.237500000017 2422
-115.68750000001 48.237500000017 1965
-115.67083333334 48.237500000017 2357
-115.65416666668 48.237500000017 1834
-115.78750000001 48.254166666683 1868
-115.77083333334 48.254166666683 1799
-115.75416666668 48.254166666683 1831
-115.73750000001 48.254166666683 1839
-115.72083333334 48.254166666683 2007
-115.70416666668 48.254166666683 1856
-115.68750000001 48.254166666683 1487
-115.67083333334 48.254166666683 1978
-115.65416666668 48.254166666683 1733
-115.80416666668 48.27083333335 1587
-115.78750000001 48.27083333335 1889
-115.77083333334 48.27083333335 1940
-115.75416666668 48.27083333335 1857
-115.73750000001 48.27083333335 2039
-115.72083333334 48.27083333335 1638
-115.70416666668 48.27083333335 1603
-115.68750000001 48.27083333335 1310
-115.67083333334 48.27083333335 2097
-115.65416666668 48.27083333335 1755
-115.78750000001 48.287500000017 1496
-115.77083333334 48.287500000017 1675
-115.75416666668 48.287500000017 1623
-115.73750000001 48.287500000017 1957
-115.72083333334 48.287500000017 1946
-115.70416666668 48.287500000017 1613
-115.68750000001 48.287500000017 1164
-115.67083333334 48.287500000017 1482
-115.75416666668 48.304166666683 2138
-115.73750000001 48.304166666683 1784
-115.72083333334 48.304166666683 2039
-115.70416666668 48.304166666683 1644
-115.68750000001 48.304166666683 1583
-115.67083333334 48.304166666683 1468
-115.75416666668 48.32083333335 2043
-115.73750000001 48.32083333335 1672
-115.72083333334 48.32083333335 2099
-115.70416666668 48.32083333335 2117
-115.68750000001 48.32083333335 1921
-115.67083333334 48.32083333335 2112
-115.65416666668 48.32083333335 1782
-115.75416666668 48.337500000017 1674
-115.73750000001 48.337500000017 2132
-115.72083333334 48.337500000017 1750
-115.70416666668 48.337500000017 1653
-115.68750000001 48.337500000017 1869
-115.67083333334 48.337500000017 1729
-115.77083333334 48.354166666683 1790
-115.75416666668 48.354166666683 2195
-115.73750000001 48.354166666683 1836
-115.72083333334 48.354166666683 1547
-115.70416666668 48.354166666683 2087
-115.78750000001 48.37083333335 1636
-115.77083333334 48.37083333335 1932
-115.75416666668 48.37083333335 2240
-115.73750000001 48.37083333335 1782
-115.72083333334 48.37083333335 1546
-115.78750000001 48.387500000017 1834
-115.77083333334 48.387500000017 2049
-115.75416666668 48.387500000017 1908
-115.73750000001 48.387500000017 1687
-115.72083333334 48.387500000017 1930
-115.78750000001 48.404166666683 1566
-115.77083333334 48.404166666683 1609
-115.75416666668 48.404166666683 1940
-115.73750000001 48.404166666683 1931
-115.78750000001 48.42083333335 1095
-115.77083333334 48.42083333335 1586
-115.73750000001 48.42083333335 1647
