-110.88750000001 37.612500000001 1361
-110.87083333334 37.612500000001 1218
-110.90416666668 37.629166666668 1463
-110.88750000001 37.629166666668 1286
-110.90416666668 37.645833333334 1279
-110.92083333334 37.662500000001 1385
-110.97083333334 37.679166666668 1911
-110.95416666668 37.679166666668 1920
-110.93750000001 37.679166666668 1651
-110.92083333334 37.679166666668 1360
-110.97083333334 37.695833333334 1940
-110.95416666668 37.695833333334 1691
-110.93750000001 37.695833333334 1504
-110.97083333334 37.712500000001 1838
-110.95416666668 37.712500000001 1711
-110.93750000001 37.712500000001 1401
-110.98750000001 37.729166666668 1874
-110.97083333334 37.729166666668 1593
-110.95416666668 37.729166666668 1572
-110.93750000001 37.729166666668 1401
-111.02083333334 37.745833333334 1927
-111.00416666668 37.745833333334 1950
-110.98750000001 37.745833333334 1716
-110.97083333334 37.745833333334 1645
-110.95416666668 37.745833333334 1401
-111.02083333334 37.762500000001 1929
-111.00416666668 37.762500000001 1714
-110.98750000001 37.762500000001 1495
-110.97083333334 37.762500000001 1463
-110.95416666668 37.762500000001 1460
-111.03750000001 37.779166666668 1975
-111.02083333334 37.779166666668 1780
-111.00416666668 37.779166666668 1670
-110.98750000001 37.779166666668 1523
-110.97083333334 37.779166666668 1463
-111.05416666668 37.795833333334 2035
-111.03750000001 37.795833333334 1889
-111.02083333334 37.795833333334 1730
-111.00416666668 37.795833333334 1695
-110.98750000001 37.795833333334 1706
-110.97083333334 37.795833333334 1462
-111.07083333334 37.812500000001 2133
-111.05416666668 37.812500000001 2011
-111.03750000001 37.812500000001 1828
-111.02083333334 37.812500000001 1841
-111.00416666668 37.812500000001 1744
-110.98750000001 37.812500000001 1645
-110.97083333334 37.812500000001 1522
-111.07083333334 37.829166666668 2072
-111.05416666668 37.829166666668 1869
-111.03750000001 37.829166666668 1767
-111.02083333334 37.829166666668 1706
-111.00416666668 37.829166666668 1720
-110.98750000001 37.829166666668 1523
-110.97083333334 37.829166666668 1584
-111.07083333334 37.845833333334 1950
-111.05416666668 37.845833333334 1830
-111.03750000001 37.845833333334 1767
-111.02083333334 37.845833333334 1730
-111.00416666668 37.845833333334 1518
-110.98750000001 37.845833333334 1523
-111.07083333334 37.862500000001 1954
-111.05416666668 37.862500000001 1847
-111.03750000001 37.862500000001 1767
-111.02083333334 37.862500000001 1531
-111.00416666668 37.862500000001 1584
-111.07083333334 37.879166666668 1889
-111.05416666668 37.879166666668 1828
-111.03750000001 37.879166666668 1683
-111.02083333334 37.879166666668 1584
-111.07083333334 37.895833333334 1889
-111.05416666668 37.895833333334 1828
-111.03750000001 37.895833333334 1584
-111.08750000001 37.912500000001 2035
-111.07083333334 37.912500000001 1925
-111.05416666668 37.912500000001 1646
-111.03750000001 37.912500000001 1641
-111.08750000001 37.929166666667 2049
-111.07083333334 37.929166666667 1921
-111.05416666668 37.929166666667 1646
-111.03750000001 37.929166666667 1706
-111.10416666668 37.945833333334 2054
-111.08750000001 37.945833333334 2100
-111.07083333334 37.945833333334 1767
-111.05416666668 37.945833333334 1706
-111.10416666668 37.962500000001 2190
-111.08750000001 37.962500000001 1916
-111.07083333334 37.962500000001 1748
-111.05416666668 37.962500000001 1766
-111.10416666668 37.979166666667 2103
-111.08750000001 37.979166666667 1768
-111.07083333334 37.979166666667 1706
-111.05416666668 37.979166666667 1744
-111.13750000001 37.995833333334 2022
-111.12083333334 37.995833333334 2182
-111.10416666668 37.995833333334 1861
-111.08750000001 37.995833333334 1710
-111.07083333334 37.995833333334 1692
-111.17083333334 38.012500000001 2119
-111.15416666668 38.012500000001 2195
-111.13750000001 38.012500000001 2237
-111.12083333334 38.012500000001 2020
-111.10416666668 38.012500000001 1767
-111.08750000001 38.012500000001 1706
-111.07083333334 38.012500000001 1663
-111.17083333334 38.029166666667 2072
-111.15416666668 38.029166666667 2059
-111.13750000001 38.029166666667 2133
-111.12083333334 38.029166666667 1887
-111.10416666668 38.029166666667 1724
-111.08750000001 38.029166666667 1749
-111.07083333334 38.029166666667 1657
-111.17083333334 38.045833333334 1950
-111.15416666668 38.045833333334 2079
-111.13750000001 38.045833333334 1829
-111.12083333334 38.045833333334 1748
-111.17083333334 38.062500000001 2133
-111.15416666668 38.062500000001 2135
-111.13750000001 38.062500000001 1896
-111.17083333334 38.079166666667 1868
-111.15416666668 38.079166666667 1963
-111.13750000001 38.079166666667 1889
-111.12083333334 38.079166666667 1828
-111.17083333334 38.095833333334 2084
-111.15416666668 38.095833333334 2059
-111.13750000001 38.095833333334 1879
-111.12083333334 38.095833333334 1879
-111.17083333334 38.112500000001 1993
-111.15416666668 38.112500000001 2087
-111.13750000001 38.112500000001 2011
-111.12083333334 38.112500000001 1859
-111.10416666668 38.112500000001 1767
-111.17083333334 38.129166666667 1973
-111.15416666668 38.129166666667 2011
-111.13750000001 38.129166666667 2011
-111.12083333334 38.129166666667 1828
-111.17083333334 38.145833333334 1896
-111.15416666668 38.145833333334 1965
-111.13750000001 38.145833333334 1926
-111.12083333334 38.145833333334 1854
-111.20416666668 38.162500000001 1999
-111.18750000001 38.162500000001 1939
-111.17083333334 38.162500000001 1972
-111.15416666668 38.162500000001 1889
-111.13750000001 38.162500000001 1950
-111.12083333334 38.162500000001 1784
-111.20416666668 38.179166666667 1922
-111.18750000001 38.179166666667 1835
-111.17083333334 38.179166666667 2000
-111.15416666668 38.179166666667 1828
-111.13750000001 38.179166666667 1808
-111.12083333334 38.179166666667 1700
-111.20416666668 38.195833333334 1792
-111.18750000001 38.195833333334 2022
-111.17083333334 38.195833333334 1802
-111.15416666668 38.195833333334 1889
-111.23750000001 38.212500000001 2096
-111.22083333334 38.212500000001 1882
-111.20416666668 38.212500000001 1779
-111.18750000001 38.212500000001 1759
-111.17083333334 38.212500000001 1811
-111.15416666668 38.212500000001 1645
-111.23750000001 38.229166666667 1937
-111.22083333334 38.229166666667 1808
-111.20416666668 38.229166666667 2072
-111.18750000001 38.229166666667 2020
-111.17083333334 38.229166666667 1828
-111.15416666668 38.229166666667 1706
-111.25416666668 38.245833333334 1950
-111.23750000001 38.245833333334 1767
-111.22083333334 38.245833333334 1848
-111.20416666668 38.245833333334 2026
-111.18750000001 38.245833333334 1828
-111.17083333334 38.245833333334 1774
-111.15416666668 38.245833333334 1645
-111.28750000001 38.262500000001 2121
-111.27083333334 38.262500000001 2047
-111.25416666668 38.262500000001 1828
-111.23750000001 38.262500000001 1784
-111.22083333334 38.262500000001 1767
-111.20416666668 38.262500000001 1864
-111.18750000001 38.262500000001 1828
-111.17083333334 38.262500000001 1768
-111.15416666668 38.262500000001 1645
-111.28750000001 38.279166666667 2012
-111.27083333334 38.279166666667 1822
-111.25416666668 38.279166666667 1707
-111.23750000001 38.279166666667 1821
-111.22083333334 38.279166666667 1713
-111.20416666668 38.279166666667 1773
-111.18750000001 38.279166666667 1615
-111.17083333334 38.279166666667 1609
-111.15416666668 38.279166666667 1638
-111.30416666668 38.295833333334 1919
-111.28750000001 38.295833333334 1839
-111.27083333334 38.295833333334 1712
-111.25416666668 38.295833333334 1874
-111.23750000001 38.295833333334 1828
-111.22083333334 38.295833333334 1830
-111.20416666668 38.295833333334 1772
-111.18750000001 38.295833333334 1840
-111.17083333334 38.295833333334 1710
-111.15416666668 38.295833333334 1585
-111.13750000001 38.295833333334 1645
-111.12083333334 38.295833333334 1583
-111.35416666668 38.312500000001 1948
-111.33750000001 38.312500000001 1937
-111.32083333334 38.312500000001 1889
-111.30416666668 38.312500000001 1831
-111.28750000001 38.312500000001 1932
-111.27083333334 38.312500000001 1959
-111.25416666668 38.312500000001 1828
-111.23750000001 38.312500000001 1708
-111.22083333334 38.312500000001 1867
-111.20416666668 38.312500000001 1895
-111.18750000001 38.312500000001 1791
-111.17083333334 38.312500000001 1646
-111.15416666668 38.312500000001 1576
-111.13750000001 38.312500000001 1582
-111.12083333334 38.312500000001 1533
-111.35416666668 38.329166666667 1971
-111.33750000001 38.329166666667 1948
-111.32083333334 38.329166666667 2194
-111.30416666668 38.329166666667 2106
-111.28750000001 38.329166666667 2043
-111.27083333334 38.329166666667 1889
-111.25416666668 38.329166666667 2011
-111.23750000001 38.329166666667 1967
-111.22083333334 38.329166666667 1848
-111.20416666668 38.329166666667 1793
-111.18750000001 38.329166666667 1669
-111.17083333334 38.329166666667 1584
-111.15416666668 38.329166666667 1584
-111.35416666668 38.345833333334 2262
-111.33750000001 38.345833333334 2214
-111.32083333334 38.345833333334 2190
-111.30416666668 38.345833333334 2072
-111.28750000001 38.345833333334 2044
-111.27083333334 38.345833333334 2130
-111.25416666668 38.345833333334 2072
-111.23750000001 38.345833333334 1950
-111.22083333334 38.345833333334 1767
-111.20416666668 38.345833333334 1722
-111.18750000001 38.345833333334 1637
-111.17083333334 38.345833333334 1646
-111.35416666668 38.362500000001 2241
-111.33750000001 38.362500000001 2194
-111.32083333334 38.362500000001 2194
-111.30416666668 38.362500000001 2148
-111.28750000001 38.362500000001 2172
-111.27083333334 38.362500000001 2045
-111.25416666668 38.362500000001 1917
-111.23750000001 38.362500000001 1787
-111.22083333334 38.362500000001 1767
-111.20416666668 38.362500000001 1695
-111.18750000001 38.362500000001 1651
-111.17083333334 38.362500000001 1661
-111.35416666668 38.379166666667 2205
-111.33750000001 38.379166666667 2185
-111.32083333334 38.379166666667 2133
-111.30416666668 38.379166666667 2106
-111.28750000001 38.379166666667 2012
-111.27083333334 38.379166666667 1950
-111.25416666668 38.379166666667 1889
-111.23750000001 38.379166666667 1821
-111.22083333334 38.379166666667 1706
-111.20416666668 38.379166666667 1692
-111.18750000001 38.379166666667 1850
-111.17083333334 38.379166666667 1757
-111.38750000001 38.395833333334 2342
-111.37083333334 38.395833333334 2255
-111.35416666668 38.395833333334 2187
-111.33750000001 38.395833333334 2099
-111.32083333334 38.395833333334 1983
-111.30416666668 38.395833333334 1889
-111.28750000001 38.395833333334 1958
-111.27083333334 38.395833333334 1892
-111.25416666668 38.395833333334 1828
-111.23750000001 38.395833333334 1755
-111.22083333334 38.395833333334 1706
-111.20416666668 38.395833333334 1773
-111.18750000001 38.395833333334 1767
-111.38750000001 38.412500000001 2316
-111.37083333334 38.412500000001 2255
-111.35416666668 38.412500000001 2194
-111.33750000001 38.412500000001 2133
-111.32083333334 38.412500000001 2068
-111.30416666668 38.412500000001 1990
-111.28750000001 38.412500000001 1972
-111.27083333334 38.412500000001 1892
-111.25416666668 38.412500000001 1767
-111.23750000001 38.412500000001 1767
-111.22083333334 38.412500000001 1758
-111.20416666668 38.412500000001 1848
-111.42083333334 38.429166666667 2533
-111.40416666668 38.429166666667 2441
-111.38750000001 38.429166666667 2194
-111.37083333334 38.429166666667 2194
-111.35416666668 38.429166666667 2194
-111.33750000001 38.429166666667 2072
-111.32083333334 38.429166666667 1967
-111.30416666668 38.429166666667 1876
-111.28750000001 38.429166666667 1828
-111.27083333334 38.429166666667 1792
-111.25416666668 38.429166666667 1889
-111.23750000001 38.429166666667 1868
-111.22083333334 38.429166666667 1879
-111.20416666668 38.429166666667 1804
-111.18750000001 38.429166666667 1767
-111.40416666668 38.445833333334 2503
-111.38750000001 38.445833333334 2304
-111.37083333334 38.445833333334 2133
-111.35416666668 38.445833333334 2026
-111.33750000001 38.445833333334 1950
-111.32083333334 38.445833333334 1858
-111.30416666668 38.445833333334 1862
-111.28750000001 38.445833333334 1944
-111.27083333334 38.445833333334 1889
-111.25416666668 38.445833333334 1890
-111.23750000001 38.445833333334 1835
-111.22083333334 38.445833333334 1950
-111.20416666668 38.445833333334 1702
-111.18750000001 38.445833333334 1665
-111.37083333334 38.462500000001 2088
-111.35416666668 38.462500000001 1949
-111.33750000001 38.462500000001 1938
-111.32083333334 38.462500000001 1951
-111.30416666668 38.462500000001 1950
-111.28750000001 38.462500000001 1881
-111.27083333334 38.462500000001 1889
-111.25416666668 38.462500000001 1895
-111.23750000001 38.462500000001 1826
-111.22083333334 38.462500000001 1855
-111.20416666668 38.462500000001 1851
-111.38750000001 38.479166666667 2236
-111.37083333334 38.479166666667 2047
-111.35416666668 38.479166666667 2020
-111.33750000001 38.479166666667 2011
-111.32083333334 38.479166666667 1958
-111.30416666668 38.479166666667 1951
-111.28750000001 38.479166666667 1950
-111.27083333334 38.479166666667 1949
-111.25416666668 38.479166666667 1987
-111.38750000001 38.495833333334 2216
-111.37083333334 38.495833333334 2012
-111.35416666668 38.495833333334 1935
-111.33750000001 38.495833333334 1952
-111.32083333334 38.495833333334 1950
-111.30416666668 38.495833333334 1828
-111.28750000001 38.495833333334 1838
-111.27083333334 38.495833333334 1767
-111.25416666668 38.495833333334 1764
-111.38750000001 38.512500000001 2211
-111.37083333334 38.512500000001 2062
-111.35416666668 38.512500000001 1949
-111.33750000001 38.512500000001 1886
-111.32083333334 38.512500000001 1889
-111.30416666668 38.512500000001 1852
-111.28750000001 38.512500000001 1889
-111.27083333334 38.512500000001 1816
-111.25416666668 38.512500000001 1767
-111.33750000001 38.529166666667 1951
-111.32083333334 38.529166666667 1950
