-109.30416666668 31.712500000003 1948
-109.28750000001 31.712500000003 2045
-109.30416666668 31.72916666667 2108
-109.28750000001 31.72916666667 2001
-109.28750000001 31.745833333337 2073
-109.28750000001 31.762500000003 2317
-109.27083333335 31.762500000003 1951
-109.28750000001 31.77916666667 2230
-109.27083333335 31.77916666667 2439
-109.25416666668 31.77916666667 2081
-109.23750000001 31.77916666667 2069
-109.35416666668 31.795833333337 2081
-109.33750000001 31.795833333337 2243
-109.30416666668 31.795833333337 2266
-109.28750000001 31.795833333337 2379
-109.27083333335 31.795833333337 2195
-109.25416666668 31.795833333337 2195
-109.23750000001 31.795833333337 2370
-109.20416666668 31.795833333337 2067
-109.18750000001 31.795833333337 1973
-109.17083333335 31.795833333337 1665
-109.15416666668 31.795833333337 1754
-109.13750000001 31.795833333337 1980
-109.40416666668 31.812500000003 1952
-109.38750000001 31.812500000003 2150
-109.37083333335 31.812500000003 2311
-109.35416666668 31.812500000003 2073
-109.33750000001 31.812500000003 2449
-109.32083333335 31.812500000003 2299
-109.30416666668 31.812500000003 2512
-109.28750000001 31.812500000003 2497
-109.27083333335 31.812500000003 2447
-109.25416666668 31.812500000003 2545
-109.23750000001 31.812500000003 2507
-109.22083333335 31.812500000003 2163
-109.20416666668 31.812500000003 1986
-109.18750000001 31.812500000003 2016
-109.17083333335 31.812500000003 1969
-109.15416666668 31.812500000003 1899
-109.13750000001 31.812500000003 1834
-109.40416666668 31.82916666667 1899
-109.38750000001 31.82916666667 2022
-109.37083333335 31.82916666667 2208
-109.35416666668 31.82916666667 2389
-109.33750000001 31.82916666667 2436
-109.32083333335 31.82916666667 2582
-109.30416666668 31.82916666667 2693
-109.28750000001 31.82916666667 2428
-109.27083333335 31.82916666667 2644
-109.25416666668 31.82916666667 2315
-109.23750000001 31.82916666667 2404
-109.22083333335 31.82916666667 2134
-109.20416666668 31.82916666667 2234
-109.18750000001 31.82916666667 2316
-109.17083333335 31.82916666667 2181
-109.15416666668 31.82916666667 1752
-109.13750000001 31.82916666667 1824
-109.35416666668 31.845833333337 2115
-109.33750000001 31.845833333337 2252
-109.32083333335 31.845833333337 2134
-109.30416666668 31.845833333337 2636
-109.28750000001 31.845833333337 2917
-109.27083333335 31.845833333337 2532
-109.25416666668 31.845833333337 2628
-109.23750000001 31.845833333337 2377
-109.22083333335 31.845833333337 2100
-109.20416666668 31.845833333337 1804
-109.18750000001 31.845833333337 1936
-109.17083333335 31.845833333337 2232
-109.15416666668 31.845833333337 1829
-109.30416666668 31.862500000003 2457
-109.28750000001 31.862500000003 2860
-109.27083333335 31.862500000003 2794
-109.25416666668 31.862500000003 2387
-109.23750000001 31.862500000003 1877
-109.22083333335 31.862500000003 2080
-109.20416666668 31.862500000003 1967
-109.18750000001 31.862500000003 1703
-109.17083333335 31.862500000003 2191
-109.15416666668 31.862500000003 2493
-109.13750000001 31.862500000003 2047
-109.35416666668 31.87916666667 1914
-109.33750000001 31.87916666667 2012
-109.32083333335 31.87916666667 2297
-109.30416666668 31.87916666667 2366
-109.28750000001 31.87916666667 2731
-109.27083333335 31.87916666667 2814
-109.15416666668 31.87916666667 2039
-109.13750000001 31.87916666667 1768
-109.38750000001 31.895833333337 1780
-109.35416666668 31.895833333337 1897
-109.33750000001 31.895833333337 2012
-109.32083333335 31.895833333337 2091
-109.30416666668 31.895833333337 2371
-109.13750000001 31.895833333337 1745
-109.43750000001 31.912500000003 1838
-109.42083333335 31.912500000003 1731
-109.40416666668 31.912500000003 1986
-109.38750000001 31.912500000003 1961
-109.37083333335 31.912500000003 1890
-109.35416666668 31.912500000003 2134
-109.33750000001 31.912500000003 2170
-109.43750000001 31.92916666667 1704
-109.42083333335 31.92916666667 1769
-109.40416666668 31.92916666667 1893
-109.38750000001 31.92916666667 1951
-109.37083333335 31.92916666667 1874
-109.35416666668 31.92916666667 2051
-109.33750000001 31.92916666667 2052
-109.42083333335 31.945833333337 1668
-109.37083333335 31.945833333337 1837
