-122.07083333334 42.787500000019 1403
-122.25416666667 42.804166666686 1551
-122.23750000001 42.804166666686 1680
-122.22083333334 42.804166666686 1757
-122.20416666667 42.804166666686 1748
-122.18750000001 42.804166666686 1822
-122.17083333334 42.804166666686 1889
-122.15416666667 42.804166666686 1939
-122.13750000001 42.804166666686 1857
-122.12083333334 42.804166666686 1707
-122.10416666667 42.804166666686 1576
-122.08750000001 42.804166666686 1505
-122.07083333334 42.804166666686 1444
-122.05416666667 42.804166666686 1433
-122.03750000001 42.804166666686 1426
-122.02083333334 42.804166666686 1480
-122.00416666667 42.804166666686 1844
-122.25416666667 42.820833333352 1855
-122.23750000001 42.820833333352 1957
-122.22083333334 42.820833333352 1989
-122.20416666667 42.820833333352 1920
-122.18750000001 42.820833333352 1950
-122.17083333334 42.820833333352 1889
-122.15416666667 42.820833333352 1889
-122.13750000001 42.820833333352 1911
-122.12083333334 42.820833333352 1660
-122.10416666667 42.820833333352 1628
-122.08750000001 42.820833333352 1697
-122.07083333334 42.820833333352 1628
-122.05416666667 42.820833333352 1601
-122.03750000001 42.820833333352 1466
-122.02083333334 42.820833333352 1614
-122.00416666667 42.820833333352 1711
-122.25416666667 42.837500000019 1911
-122.23750000001 42.837500000019 2057
-122.22083333334 42.837500000019 2006
-122.20416666667 42.837500000019 2046
-122.18750000001 42.837500000019 2011
-122.17083333334 42.837500000019 1956
-122.15416666667 42.837500000019 1832
-122.13750000001 42.837500000019 1742
-122.12083333334 42.837500000019 1707
-122.10416666667 42.837500000019 1821
-122.08750000001 42.837500000019 1846
-122.07083333334 42.837500000019 1742
-122.05416666667 42.837500000019 1632
-122.03750000001 42.837500000019 1703
-122.02083333334 42.837500000019 1783
-122.00416666667 42.837500000019 1691
-122.27083333334 42.854166666686 1761
-122.25416666667 42.854166666686 1828
-122.23750000001 42.854166666686 1815
-122.22083333334 42.854166666686 1929
-122.20416666667 42.854166666686 1922
-122.18750000001 42.854166666686 1950
-122.17083333334 42.854166666686 1983
-122.15416666667 42.854166666686 1858
-122.13750000001 42.854166666686 1743
-122.12083333334 42.854166666686 1774
-122.10416666667 42.854166666686 1987
-122.08750000001 42.854166666686 1953
-122.07083333334 42.854166666686 1729
-122.05416666667 42.854166666686 1919
-122.03750000001 42.854166666686 1781
-122.02083333334 42.854166666686 1708
-122.00416666667 42.854166666686 1648
-121.98750000001 42.854166666686 1646
-122.28750000001 42.870833333352 1562
-122.27083333334 42.870833333352 1671
-122.25416666667 42.870833333352 1646
-122.23750000001 42.870833333352 1829
-122.22083333334 42.870833333352 1785
-122.20416666667 42.870833333352 1907
-122.18750000001 42.870833333352 1909
-122.17083333334 42.870833333352 1870
-122.15416666667 42.870833333352 1858
-122.13750000001 42.870833333352 1889
-122.12083333334 42.870833333352 1975
-122.10416666667 42.870833333352 1951
-122.08750000001 42.870833333352 1871
-122.07083333334 42.870833333352 2045
-122.05416666667 42.870833333352 1892
-122.03750000001 42.870833333352 1787
-122.02083333334 42.870833333352 1767
-122.00416666667 42.870833333352 1752
-121.98750000001 42.870833333352 1768
-122.28750000001 42.887500000019 1523
-122.27083333334 42.887500000019 1585
-122.25416666667 42.887500000019 1648
-122.23750000001 42.887500000019 1704
-122.22083333334 42.887500000019 1723
-122.20416666667 42.887500000019 1767
-122.18750000001 42.887500000019 1808
-122.17083333334 42.887500000019 1846
-122.15416666667 42.887500000019 2058
-122.13750000001 42.887500000019 1950
-122.12083333334 42.887500000019 2139
-122.10416666667 42.887500000019 2198
-122.08750000001 42.887500000019 2137
-122.07083333334 42.887500000019 2151
-122.05416666667 42.887500000019 2021
-122.03750000001 42.887500000019 1829
-122.02083333334 42.887500000019 1938
-122.00416666667 42.887500000019 1903
-122.27083333334 42.904166666686 1524
-122.25416666667 42.904166666686 1749
-122.23750000001 42.904166666686 1762
-122.22083333334 42.904166666686 1729
-122.20416666667 42.904166666686 1823
-122.18750000001 42.904166666686 1890
-122.17083333334 42.904166666686 1965
-122.15416666667 42.904166666686 2069
-122.13750000001 42.904166666686 2065
-122.12083333334 42.904166666686 2334
-122.10416666667 42.904166666686 2051
-122.08750000001 42.904166666686 2235
-122.07083333334 42.904166666686 2105
-122.05416666667 42.904166666686 1948
-122.03750000001 42.904166666686 2051
-122.02083333334 42.904166666686 2047
-122.00416666667 42.904166666686 2119
-122.27083333334 42.920833333352 1585
-122.25416666667 42.920833333352 1646
-122.23750000001 42.920833333352 1713
-122.22083333334 42.920833333352 1768
-122.20416666667 42.920833333352 1823
-122.18750000001 42.920833333352 1911
-122.17083333334 42.920833333352 2087
-122.15416666667 42.920833333352 1883
-122.13750000001 42.920833333352 1883
-122.12083333334 42.920833333352 1883
-122.10416666667 42.920833333352 1883
-122.08750000001 42.920833333352 1883
-122.07083333334 42.920833333352 1883
-122.05416666667 42.920833333352 2223
-122.03750000001 42.920833333352 2237
-122.02083333334 42.920833333352 2591
-122.00416666667 42.920833333352 2326
-121.98750000001 42.920833333352 2035
-122.27083333334 42.937500000019 1529
-122.25416666667 42.937500000019 1563
-122.23750000001 42.937500000019 1644
-122.22083333334 42.937500000019 1762
-122.20416666667 42.937500000019 1851
-122.18750000001 42.937500000019 2103
-122.17083333334 42.937500000019 2202
-122.15416666667 42.937500000019 1883
-122.13750000001 42.937500000019 1883
-122.12083333334 42.937500000019 1883
-122.10416666667 42.937500000019 1883
-122.08750000001 42.937500000019 1883
-122.07083333334 42.937500000019 1883
-122.05416666667 42.937500000019 1960
-122.03750000001 42.937500000019 2233
-122.02083333334 42.937500000019 2210
-122.00416666667 42.937500000019 2078
-121.98750000001 42.937500000019 1947
-122.27083333334 42.954166666685 1491
-122.25416666667 42.954166666685 1585
-122.23750000001 42.954166666685 1646
-122.22083333334 42.954166666685 1763
-122.20416666667 42.954166666685 1876
-122.18750000001 42.954166666685 2121
-122.17083333334 42.954166666685 2377
-122.15416666667 42.954166666685 1885
-122.13750000001 42.954166666685 1883
-122.12083333334 42.954166666685 1883
-122.10416666667 42.954166666685 1883
-122.08750000001 42.954166666685 1883
-122.07083333334 42.954166666685 1883
-122.05416666667 42.954166666685 1883
-122.03750000001 42.954166666685 2095
-122.02083333334 42.954166666685 1969
-122.00416666667 42.954166666685 1992
-121.98750000001 42.954166666685 1877
-122.27083333334 42.970833333352 1523
-122.25416666667 42.970833333352 1641
-122.23750000001 42.970833333352 1709
-122.22083333334 42.970833333352 1756
-122.20416666667 42.970833333352 1837
-122.18750000001 42.970833333352 1971
-122.17083333334 42.970833333352 2063
-122.15416666667 42.970833333352 2156
-122.13750000001 42.970833333352 2109
-122.12083333334 42.970833333352 1883
-122.10416666667 42.970833333352 1883
-122.08750000001 42.970833333352 1883
-122.07083333334 42.970833333352 1907
-122.05416666667 42.970833333352 2022
-122.03750000001 42.970833333352 1942
-122.02083333334 42.970833333352 1952
-122.00416666667 42.970833333352 1821
-121.98750000001 42.970833333352 1768
-122.28750000001 42.987500000019 1524
-122.27083333334 42.987500000019 1537
-122.25416666667 42.987500000019 1626
-122.23750000001 42.987500000019 1756
-122.22083333334 42.987500000019 1827
-122.20416666667 42.987500000019 1857
-122.18750000001 42.987500000019 1928
-122.17083333334 42.987500000019 2001
-122.15416666667 42.987500000019 2068
-122.13750000001 42.987500000019 2123
-122.12083333334 42.987500000019 2131
-122.10416666667 42.987500000019 2044
-122.08750000001 42.987500000019 2011
-122.07083333334 42.987500000019 2076
-122.05416666667 42.987500000019 1892
-122.03750000001 42.987500000019 1834
-122.02083333334 42.987500000019 1779
-122.00416666667 42.987500000019 1762
-122.27083333334 43.004166666685 1716
-122.25416666667 43.004166666685 1655
-122.23750000001 43.004166666685 1706
-122.22083333334 43.004166666685 1773
-122.20416666667 43.004166666685 1825
-122.18750000001 43.004166666685 1861
-122.17083333334 43.004166666685 1930
-122.15416666667 43.004166666685 1935
-122.13750000001 43.004166666685 1939
-122.12083333334 43.004166666685 2007
-122.10416666667 43.004166666685 1930
-122.08750000001 43.004166666685 1906
-122.07083333334 43.004166666685 1848
-122.05416666667 43.004166666685 1761
-122.03750000001 43.004166666685 1703
-122.02083333334 43.004166666685 1681
-122.00416666667 43.004166666685 1698
-122.25416666667 43.020833333352 1594
-122.23750000001 43.020833333352 1701
-122.22083333334 43.020833333352 1760
-122.20416666667 43.020833333352 1793
-122.18750000001 43.020833333352 1814
-122.17083333334 43.020833333352 1857
-122.15416666667 43.020833333352 1858
-122.13750000001 43.020833333352 1850
-122.12083333334 43.020833333352 1843
-122.10416666667 43.020833333352 1829
-122.08750000001 43.020833333352 1828
-122.07083333334 43.020833333352 1828
-122.05416666667 43.020833333352 1770
-122.03750000001 43.020833333352 1703
-122.02083333334 43.020833333352 1646
-122.00416666667 43.020833333352 1599
-122.25416666667 43.037500000019 1600
-122.23750000001 43.037500000019 1677
-122.22083333334 43.037500000019 1789
-122.20416666667 43.037500000019 1768
-122.18750000001 43.037500000019 1762
-122.17083333334 43.037500000019 1808
-122.15416666667 43.037500000019 1879
-122.13750000001 43.037500000019 1828
-122.12083333334 43.037500000019 1828
-122.10416666667 43.037500000019 1854
-122.08750000001 43.037500000019 1887
-122.07083333334 43.037500000019 2001
-122.05416666667 43.037500000019 2013
-122.03750000001 43.037500000019 1842
-122.02083333334 43.037500000019 1666
-122.00416666667 43.037500000019 1619
-122.25416666667 43.054166666685 1710
-122.23750000001 43.054166666685 1739
-122.22083333334 43.054166666685 1718
-122.20416666667 43.054166666685 1721
-122.18750000001 43.054166666685 1723
-122.17083333334 43.054166666685 1764
-122.15416666667 43.054166666685 1887
-122.13750000001 43.054166666685 1900
-122.12083333334 43.054166666685 1828
-122.10416666667 43.054166666685 1843
-122.08750000001 43.054166666685 1943
-122.07083333334 43.054166666685 2064
-122.05416666667 43.054166666685 2009
-122.03750000001 43.054166666685 1857
-122.02083333334 43.054166666685 1716
-122.00416666667 43.054166666685 1582
-122.23750000001 43.070833333352 1611
-122.22083333334 43.070833333352 1613
-122.20416666667 43.070833333352 1656
-122.18750000001 43.070833333352 1677
-122.17083333334 43.070833333352 1704
-122.15416666667 43.070833333352 1890
-122.13750000001 43.070833333352 1950
-122.12083333334 43.070833333352 1818
-122.10416666667 43.070833333352 1821
-122.08750000001 43.070833333352 1869
-122.07083333334 43.070833333352 1962
-122.05416666667 43.070833333352 1881
-122.03750000001 43.070833333352 1763
-122.02083333334 43.070833333352 1672
-122.00416666667 43.070833333352 1577
-122.18750000001 43.087500000019 1656
-122.17083333334 43.087500000019 1694
-122.15416666667 43.087500000019 1757
-122.13750000001 43.087500000019 1787
-122.12083333334 43.087500000019 1771
-122.10416666667 43.087500000019 1775
-122.08750000001 43.087500000019 1797
-122.07083333334 43.087500000019 1768
-122.05416666667 43.087500000019 1749
-122.03750000001 43.087500000019 1707
-122.02083333334 43.087500000019 1655
