-122.16250000001 43.470833333352 1646
-122.15416666667 43.470833333352 1686
-122.14583333334 43.470833333352 1705
-122.13750000001 43.470833333352 1717
-122.12916666667 43.470833333352 1715
-122.12083333334 43.470833333352 1708
-122.11250000001 43.470833333352 1710
-122.10416666667 43.470833333352 1709
-122.08750000001 43.470833333352 1707
-122.16250000001 43.479166666685 1666
-122.15416666667 43.479166666685 1709
-122.14583333334 43.479166666685 1754
-122.13750000001 43.479166666685 1772
-122.12916666667 43.479166666685 1774
-122.12083333334 43.479166666685 1775
-122.11250000001 43.479166666685 1770
-122.10416666667 43.479166666685 1764
-122.09583333334 43.479166666685 1736
-122.08750000001 43.479166666685 1719
-122.07916666667 43.479166666685 1708
-122.07083333334 43.479166666685 1646
-122.06250000001 43.479166666685 1585
-122.05416666667 43.479166666685 1533
-122.04583333334 43.479166666685 1524
-122.03750000001 43.479166666685 1522
-122.02916666667 43.479166666685 1530
-122.16250000001 43.487500000019 1767
-122.15416666667 43.487500000019 1848
-122.14583333334 43.487500000019 1848
-122.13750000001 43.487500000019 1843
-122.12916666667 43.487500000019 1852
-122.12083333334 43.487500000019 1864
-122.11250000001 43.487500000019 1858
-122.10416666667 43.487500000019 1840
-122.09583333334 43.487500000019 1791
-122.08750000001 43.487500000019 1756
-122.07916666667 43.487500000019 1724
-122.07083333334 43.487500000019 1650
-122.06250000001 43.487500000019 1586
-122.05416666667 43.487500000019 1559
-122.04583333334 43.487500000019 1584
-122.03750000001 43.487500000019 1681
-122.02916666667 43.487500000019 1708
-122.02083333334 43.487500000019 1668
-122.01250000001 43.487500000019 1568
-122.16250000001 43.495833333352 1702
-122.15416666667 43.495833333352 1812
-122.14583333334 43.495833333352 1889
-122.13750000001 43.495833333352 1890
-122.12916666667 43.495833333352 1908
-122.12083333334 43.495833333352 1993
-122.11250000001 43.495833333352 1980
-122.10416666667 43.495833333352 1878
-122.09583333334 43.495833333352 1825
-122.08750000001 43.495833333352 1792
-122.07916666667 43.495833333352 1748
-122.07083333334 43.495833333352 1703
-122.06250000001 43.495833333352 1642
-122.05416666667 43.495833333352 1709
-122.04583333334 43.495833333352 1772
-122.03750000001 43.495833333352 1812
-122.02916666667 43.495833333352 1864
-122.02083333334 43.495833333352 1838
-122.01250000001 43.495833333352 1752
-122.00416666667 43.495833333352 1670
-121.99583333334 43.495833333352 1598
-122.18750000001 43.504166666685 1555
-122.17916666667 43.504166666685 1720
-122.17083333334 43.504166666685 1782
-122.16250000001 43.504166666685 1855
-122.15416666667 43.504166666685 1958
-122.14583333334 43.504166666685 2018
-122.13750000001 43.504166666685 1980
-122.12916666667 43.504166666685 1976
-122.12083333334 43.504166666685 2000
-122.11250000001 43.504166666685 1970
-122.10416666667 43.504166666685 1891
-122.09583333334 43.504166666685 1889
-122.08750000001 43.504166666685 1873
-122.07916666667 43.504166666685 1809
-122.07083333334 43.504166666685 1728
-122.06250000001 43.504166666685 1704
-122.05416666667 43.504166666685 1780
-122.04583333334 43.504166666685 1829
-122.03750000001 43.504166666685 1910
-122.02916666667 43.504166666685 1967
-122.02083333334 43.504166666685 1937
-122.01250000001 43.504166666685 1852
-122.00416666667 43.504166666685 1755
-121.99583333334 43.504166666685 1657
-121.98750000001 43.504166666685 1561
-122.18750000001 43.512500000019 1622
-122.17916666667 43.512500000019 1790
-122.17083333334 43.512500000019 1889
-122.16250000001 43.512500000019 1978
-122.15416666667 43.512500000019 2157
-122.14583333334 43.512500000019 2351
-122.13750000001 43.512500000019 2135
-122.12916666667 43.512500000019 2073
-122.12083333334 43.512500000019 2009
-122.11250000001 43.512500000019 1953
-122.10416666667 43.512500000019 1923
-122.09583333334 43.512500000019 1889
-122.08750000001 43.512500000019 1852
-122.07916666667 43.512500000019 1829
-122.07083333334 43.512500000019 1767
-122.06250000001 43.512500000019 1755
-122.05416666667 43.512500000019 1801
-122.04583333334 43.512500000019 1878
-122.03750000001 43.512500000019 1928
-122.02916666667 43.512500000019 2053
-122.02083333334 43.512500000019 1864
-122.01250000001 43.512500000019 1822
-122.00416666667 43.512500000019 1740
-121.99583333334 43.512500000019 1649
-121.98750000001 43.512500000019 1580
-121.97916666667 43.512500000019 1498
-122.20416666667 43.520833333352 1707
-122.19583333334 43.520833333352 1691
-122.18750000001 43.520833333352 1750
-122.17916666667 43.520833333352 1868
-122.17083333334 43.520833333352 2012
-122.16250000001 43.520833333352 2201
-122.15416666667 43.520833333352 2397
-122.14583333334 43.520833333352 2498
-122.13750000001 43.520833333352 2242
-122.12916666667 43.520833333352 2125
-122.12083333334 43.520833333352 2074
-122.11250000001 43.520833333352 2007
-122.10416666667 43.520833333352 1928
-122.09583333334 43.520833333352 1878
-122.08750000001 43.520833333352 1832
-122.07916666667 43.520833333352 1798
-122.07083333334 43.520833333352 1768
-122.06250000001 43.520833333352 1768
-122.05416666667 43.520833333352 1831
-122.04583333334 43.520833333352 2011
-122.03750000001 43.520833333352 1941
-122.02916666667 43.520833333352 1873
-122.02083333334 43.520833333352 1770
-122.01250000001 43.520833333352 1761
-122.00416666667 43.520833333352 1738
-121.99583333334 43.520833333352 1696
-121.98750000001 43.520833333352 1641
-121.97916666667 43.520833333352 1515
-122.20416666667 43.529166666685 1680
-122.19583333334 43.529166666685 1778
-122.18750000001 43.529166666685 1890
-122.17916666667 43.529166666685 2007
-122.17083333334 43.529166666685 2114
-122.16250000001 43.529166666685 2200
-122.15416666667 43.529166666685 2312
-122.14583333334 43.529166666685 2481
-122.13750000001 43.529166666685 2508
-122.12916666667 43.529166666685 2357
-122.12083333334 43.529166666685 2146
-122.11250000001 43.529166666685 2026
-122.10416666667 43.529166666685 1944
-122.09583333334 43.529166666685 1878
-122.08750000001 43.529166666685 1829
-122.07916666667 43.529166666685 1793
-122.07083333334 43.529166666685 1768
-122.06250000001 43.529166666685 1782
-122.05416666667 43.529166666685 1820
-122.04583333334 43.529166666685 1883
-122.03750000001 43.529166666685 1969
-122.02916666667 43.529166666685 1868
-122.02083333334 43.529166666685 1795
-122.01250000001 43.529166666685 1764
-122.00416666667 43.529166666685 1727
-121.99583333334 43.529166666685 1654
-121.98750000001 43.529166666685 1595
-121.97916666667 43.529166666685 1537
-121.97083333334 43.529166666685 1483
-122.20416666667 43.537500000019 1707
-122.19583333334 43.537500000019 1747
-122.18750000001 43.537500000019 1731
-122.17916666667 43.537500000019 1966
-122.17083333334 43.537500000019 2014
-122.16250000001 43.537500000019 1995
-122.15416666667 43.537500000019 2161
-122.14583333334 43.537500000019 2225
-122.13750000001 43.537500000019 2268
-122.12916666667 43.537500000019 2159
-122.12083333334 43.537500000019 2071
-122.11250000001 43.537500000019 1990
-122.10416666667 43.537500000019 1913
-122.09583333334 43.537500000019 1861
-122.08750000001 43.537500000019 1824
-122.07916666667 43.537500000019 1773
-122.07083333334 43.537500000019 1769
-122.06250000001 43.537500000019 1850
-122.05416666667 43.537500000019 1907
-122.04583333334 43.537500000019 1864
-122.03750000001 43.537500000019 1848
-122.02916666667 43.537500000019 1927
-122.02083333334 43.537500000019 1925
-122.01250000001 43.537500000019 1843
-122.00416666667 43.537500000019 1720
-121.99583333334 43.537500000019 1620
-121.98750000001 43.537500000019 1579
-121.97916666667 43.537500000019 1524
-121.97083333334 43.537500000019 1524
-121.96250000001 43.537500000019 1491
-122.21250000001 43.545833333352 1423
-122.20416666667 43.545833333352 1589
-122.19583333334 43.545833333352 1533
-122.18750000001 43.545833333352 1606
-122.17916666667 43.545833333352 1679
-122.17083333334 43.545833333352 1756
-122.16250000001 43.545833333352 1853
-122.15416666667 43.545833333352 1985
-122.14583333334 43.545833333352 2185
-122.13750000001 43.545833333352 2131
-122.12916666667 43.545833333352 2059
-122.12083333334 43.545833333352 1972
-122.11250000001 43.545833333352 1942
-122.10416666667 43.545833333352 1885
-122.09583333334 43.545833333352 1830
-122.08750000001 43.545833333352 1784
-122.07916666667 43.545833333352 1766
-122.07083333334 43.545833333352 1764
-122.06250000001 43.545833333352 1808
-122.05416666667 43.545833333352 1829
-122.04583333334 43.545833333352 1785
-122.03750000001 43.545833333352 1726
-122.02916666667 43.545833333352 1714
-122.02083333334 43.545833333352 1885
-122.01250000001 43.545833333352 1759
-122.00416666667 43.545833333352 1662
-121.99583333334 43.545833333352 1596
-121.98750000001 43.545833333352 1585
-121.97916666667 43.545833333352 1522
-121.97083333334 43.545833333352 1473
-122.20416666667 43.554166666685 1387
-122.19583333334 43.554166666685 1472
-122.18750000001 43.554166666685 1559
-122.17916666667 43.554166666685 1636
-122.17083333334 43.554166666685 1742
-122.16250000001 43.554166666685 1844
-122.15416666667 43.554166666685 1923
-122.14583333334 43.554166666685 1990
-122.13750000001 43.554166666685 1991
-122.12916666667 43.554166666685 2039
-122.12083333334 43.554166666685 1939
-122.11250000001 43.554166666685 1881
-122.10416666667 43.554166666685 1820
-122.09583333334 43.554166666685 1789
-122.08750000001 43.554166666685 1756
-122.07916666667 43.554166666685 1720
-122.07083333334 43.554166666685 1725
-122.06250000001 43.554166666685 1775
-122.05416666667 43.554166666685 1827
-122.04583333334 43.554166666685 1731
-122.03750000001 43.554166666685 1682
-122.02916666667 43.554166666685 1650
-122.02083333334 43.554166666685 1619
-122.01250000001 43.554166666685 1597
-122.00416666667 43.554166666685 1582
-121.99583333334 43.554166666685 1503
-122.19583333334 43.562500000019 1491
-122.18750000001 43.562500000019 1577
-122.17916666667 43.562500000019 1624
-122.17083333334 43.562500000019 1685
-122.16250000001 43.562500000019 1765
-122.15416666667 43.562500000019 1829
-122.14583333334 43.562500000019 1885
-122.13750000001 43.562500000019 1964
-122.12916666667 43.562500000019 1898
-122.12083333334 43.562500000019 1968
-122.11250000001 43.562500000019 1871
-122.10416666667 43.562500000019 1824
-122.09583333334 43.562500000019 1767
-122.08750000001 43.562500000019 1722
-122.07916666667 43.562500000019 1690
-122.07083333334 43.562500000019 1665
-122.06250000001 43.562500000019 1690
-122.05416666667 43.562500000019 1722
-122.04583333334 43.562500000019 1675
-122.03750000001 43.562500000019 1638
-122.02916666667 43.562500000019 1590
-122.02083333334 43.562500000019 1547
-122.01250000001 43.562500000019 1522
-122.00416666667 43.562500000019 1487
-122.17916666667 43.570833333352 1667
-122.17083333334 43.570833333352 1723
-122.16250000001 43.570833333352 1828
-122.15416666667 43.570833333352 1919
-122.14583333334 43.570833333352 1817
-122.13750000001 43.570833333352 1820
-122.12916666667 43.570833333352 1717
-122.12083333334 43.570833333352 1764
-122.11250000001 43.570833333352 1829
-122.10416666667 43.570833333352 1781
-122.09583333334 43.570833333352 1745
-122.08750000001 43.570833333352 1712
-122.07916666667 43.570833333352 1642
-122.07083333334 43.570833333352 1599
-122.06250000001 43.570833333352 1604
-122.05416666667 43.570833333352 1630
-122.04583333334 43.570833333352 1626
-122.03750000001 43.570833333352 1588
-122.02916666667 43.570833333352 1533
-122.18750000001 43.579166666685 1573
-122.17916666667 43.579166666685 1649
-122.17083333334 43.579166666685 1707
-122.16250000001 43.579166666685 1790
-122.15416666667 43.579166666685 1758
-122.14583333334 43.579166666685 1697
-122.13750000001 43.579166666685 1707
-122.12916666667 43.579166666685 1661
-122.12083333334 43.579166666685 1676
-122.11250000001 43.579166666685 1768
-122.10416666667 43.579166666685 1739
-122.09583333334 43.579166666685 1715
-122.08750000001 43.579166666685 1699
-122.07916666667 43.579166666685 1646
-122.07083333334 43.579166666685 1605
-122.06250000001 43.579166666685 1582
-122.05416666667 43.579166666685 1533
-122.04583333334 43.579166666685 1502
-122.14583333334 43.587500000019 1643
-122.13750000001 43.587500000019 1585
-122.12916666667 43.587500000019 1632
-122.12083333334 43.587500000019 1530
-122.11250000001 43.587500000019 1672
-122.10416666667 43.587500000019 1642
-122.09583333334 43.587500000019 1616
-122.08750000001 43.587500000019 1632
-122.07916666667 43.587500000019 1644
-122.07083333334 43.587500000019 1603
-122.06250000001 43.587500000019 1585
-122.05416666667 43.587500000019 1505
-122.13750000001 43.595833333352 1472
-122.12916666667 43.595833333352 1444
-122.12083333334 43.595833333352 1462
-122.08750000001 43.595833333352 1586
