-111.88750000001 46.820833333351 1341
-111.87916666668 46.820833333351 1393
-111.87083333334 46.820833333351 1436
-111.86250000001 46.820833333351 1361
-111.85416666668 46.820833333351 1317
-111.84583333334 46.820833333351 1426
-111.83750000001 46.820833333351 1463
-111.88750000001 46.829166666684 1552
-111.87916666668 46.829166666684 1489
-111.87083333334 46.829166666684 1606
-111.86250000001 46.829166666684 1524
-111.85416666668 46.829166666684 1464
-111.84583333334 46.829166666684 1396
-111.83750000001 46.829166666684 1554
-111.91250000001 46.837500000017 1341
-111.90416666668 46.837500000017 1413
-111.89583333334 46.837500000017 1524
-111.88750000001 46.837500000017 1631
-111.87916666668 46.837500000017 1646
-111.87083333334 46.837500000017 1735
-111.86250000001 46.837500000017 1717
-111.85416666668 46.837500000017 1677
-111.84583333334 46.837500000017 1524
-111.83750000001 46.837500000017 1454
-111.82916666668 46.837500000017 1504
-111.82083333334 46.837500000017 1498
-111.81250000001 46.837500000017 1402
-111.80416666668 46.837500000017 1645
-111.79583333334 46.837500000017 1640
-111.88750000001 46.845833333351 1401
-111.87916666668 46.845833333351 1618
-111.87083333334 46.845833333351 1731
-111.86250000001 46.845833333351 1748
-111.85416666668 46.845833333351 1890
-111.84583333334 46.845833333351 1646
-111.83750000001 46.845833333351 1524
-111.82916666668 46.845833333351 1470
-111.82083333334 46.845833333351 1585
-111.81250000001 46.845833333351 1463
-111.80416666668 46.845833333351 1554
-111.79583333334 46.845833333351 1716
-111.88750000001 46.854166666684 1496
-111.87916666668 46.854166666684 1626
-111.87083333334 46.854166666684 1779
-111.86250000001 46.854166666684 1901
-111.85416666668 46.854166666684 1951
-111.84583333334 46.854166666684 1646
-111.83750000001 46.854166666684 1768
-111.82916666668 46.854166666684 1656
-111.82083333334 46.854166666684 1646
-111.81250000001 46.854166666684 1666
-111.80416666668 46.854166666684 1467
-111.79583333334 46.854166666684 1606
-111.78750000001 46.854166666684 1763
-111.77916666668 46.854166666684 1982
-111.77083333334 46.854166666684 2195
-111.76250000001 46.854166666684 2176
-111.75416666668 46.854166666684 2002
-111.74583333334 46.854166666684 1846
-111.88750000001 46.862500000017 1494
-111.87916666668 46.862500000017 1433
-111.87083333334 46.862500000017 1547
-111.86250000001 46.862500000017 1707
-111.85416666668 46.862500000017 1889
-111.84583333334 46.862500000017 1727
-111.83750000001 46.862500000017 1829
-111.82916666668 46.862500000017 1890
-111.82083333334 46.862500000017 1727
-111.81250000001 46.862500000017 1824
-111.80416666668 46.862500000017 1824
-111.79583333334 46.862500000017 1528
-111.78750000001 46.862500000017 1725
-111.77916666668 46.862500000017 1894
-111.77083333334 46.862500000017 2005
-111.76250000001 46.862500000017 2133
-111.75416666668 46.862500000017 1999
-111.74583333334 46.862500000017 1759
-111.88750000001 46.870833333351 1307
-111.87916666668 46.870833333351 1568
-111.87083333334 46.870833333351 1890
-111.86250000001 46.870833333351 1869
-111.85416666668 46.870833333351 1845
-111.84583333334 46.870833333351 2007
-111.83750000001 46.870833333351 2018
-111.82916666668 46.870833333351 1883
-111.82083333334 46.870833333351 1792
-111.81250000001 46.870833333351 1856
-111.80416666668 46.870833333351 1874
-111.79583333334 46.870833333351 1727
-111.78750000001 46.870833333351 1781
-111.77916666668 46.870833333351 1711
-111.77083333334 46.870833333351 1816
-111.76250000001 46.870833333351 1965
-111.75416666668 46.870833333351 1939
-111.74583333334 46.870833333351 1768
-111.73750000001 46.870833333351 1758
-111.72916666668 46.870833333351 1761
-111.72083333334 46.870833333351 1768
-111.71250000001 46.870833333351 1768
-111.88750000001 46.879166666684 1332
-111.87916666668 46.879166666684 1394
-111.87083333334 46.879166666684 1546
-111.86250000001 46.879166666684 1458
-111.85416666668 46.879166666684 1598
-111.84583333334 46.879166666684 1663
-111.83750000001 46.879166666684 1829
-111.82916666668 46.879166666684 1970
-111.82083333334 46.879166666684 1951
-111.81250000001 46.879166666684 1890
-111.80416666668 46.879166666684 1829
-111.79583333334 46.879166666684 1866
-111.78750000001 46.879166666684 1896
-111.77916666668 46.879166666684 1829
-111.77083333334 46.879166666684 1904
-111.76250000001 46.879166666684 1904
-111.75416666668 46.879166666684 2012
-111.74583333334 46.879166666684 2042
-111.73750000001 46.879166666684 1881
-111.72916666668 46.879166666684 1920
-111.72083333334 46.879166666684 1991
-111.71250000001 46.879166666684 1951
-111.88750000001 46.887500000017 1444
-111.87916666668 46.887500000017 1707
-111.87083333334 46.887500000017 1779
-111.86250000001 46.887500000017 1788
-111.85416666668 46.887500000017 1852
-111.84583333334 46.887500000017 1745
-111.83750000001 46.887500000017 1851
-111.82916666668 46.887500000017 1911
-111.82083333334 46.887500000017 1732
-111.81250000001 46.887500000017 1646
-111.80416666668 46.887500000017 1781
-111.79583333334 46.887500000017 1941
-111.78750000001 46.887500000017 2010
-111.77916666668 46.887500000017 1951
-111.77083333334 46.887500000017 2096
-111.76250000001 46.887500000017 2103
-111.75416666668 46.887500000017 2103
-111.74583333334 46.887500000017 2134
-111.73750000001 46.887500000017 2164
-111.72916666668 46.887500000017 2129
-111.72083333334 46.887500000017 2097
-111.71250000001 46.887500000017 1905
-111.88750000001 46.895833333351 1463
-111.87916666668 46.895833333351 1515
-111.87083333334 46.895833333351 1615
-111.86250000001 46.895833333351 1579
-111.85416666668 46.895833333351 1829
-111.84583333334 46.895833333351 2072
-111.83750000001 46.895833333351 1988
-111.82916666668 46.895833333351 1768
-111.82083333334 46.895833333351 1646
-111.81250000001 46.895833333351 1585
-111.80416666668 46.895833333351 1627
-111.79583333334 46.895833333351 1853
-111.78750000001 46.895833333351 2133
-111.77916666668 46.895833333351 2073
-111.77083333334 46.895833333351 1987
-111.76250000001 46.895833333351 2024
-111.75416666668 46.895833333351 2131
-111.74583333334 46.895833333351 2316
-111.73750000001 46.895833333351 2312
-111.72916666668 46.895833333351 2088
-111.72083333334 46.895833333351 2051
-111.71250000001 46.895833333351 1829
-111.87083333334 46.904166666684 1468
-111.86250000001 46.904166666684 1412
-111.85416666668 46.904166666684 1504
-111.84583333334 46.904166666684 1686
-111.83750000001 46.904166666684 1632
-111.82916666668 46.904166666684 1646
-111.82083333334 46.904166666684 1625
-111.81250000001 46.904166666684 1463
-111.80416666668 46.904166666684 1554
-111.79583333334 46.904166666684 1750
-111.78750000001 46.904166666684 1727
-111.77916666668 46.904166666684 1732
-111.77083333334 46.904166666684 1791
-111.76250000001 46.904166666684 1920
-111.75416666668 46.904166666684 2042
-111.74583333334 46.904166666684 2134
-111.73750000001 46.904166666684 2227
-111.72916666668 46.904166666684 2121
-111.72083333334 46.904166666684 2012
-111.71250000001 46.904166666684 2073
-111.83750000001 46.912500000017 1454
-111.82916666668 46.912500000017 1608
-111.82083333334 46.912500000017 1696
-111.81250000001 46.912500000017 1847
-111.80416666668 46.912500000017 1870
-111.79583333334 46.912500000017 1829
-111.78750000001 46.912500000017 1829
-111.77916666668 46.912500000017 1951
-111.77083333334 46.912500000017 1768
