-121.50416666667 46.404166666684 1335
-121.48750000001 46.404166666684 1629
-121.47083333334 46.404166666684 1558
-121.45416666667 46.404166666684 1541
-121.43750000001 46.404166666684 1426
-121.42083333334 46.404166666684 1516
-121.40416666667 46.404166666684 1588
-121.48750000001 46.420833333351 1307
-121.45416666667 46.420833333351 1222
-121.43750000001 46.420833333351 1402
-121.42083333334 46.420833333351 1327
-121.40416666667 46.420833333351 1572
-121.50416666667 46.437500000017 1117
-121.48750000001 46.437500000017 1160
-121.47083333334 46.437500000017 1255
-121.45416666667 46.437500000017 1646
-121.43750000001 46.437500000017 1569
-121.42083333334 46.437500000017 1412
-121.50416666667 46.454166666684 1175
-121.48750000001 46.454166666684 1399
-121.47083333334 46.454166666684 1510
-121.45416666667 46.454166666684 1364
-121.43750000001 46.454166666684 1577
-121.42083333334 46.454166666684 1647
-121.52083333334 46.470833333351 1590
-121.50416666667 46.470833333351 1294
-121.48750000001 46.470833333351 1245
-121.47083333334 46.470833333351 1474
-121.45416666667 46.470833333351 1755
-121.43750000001 46.470833333351 1735
-121.37083333334 46.470833333351 1700
-121.35416666667 46.470833333351 1564
-121.33750000001 46.470833333351 1600
-121.53750000001 46.487500000017 1532
-121.52083333334 46.487500000017 1759
-121.50416666667 46.487500000017 1801
-121.48750000001 46.487500000017 1433
-121.47083333334 46.487500000017 1684
-121.45416666667 46.487500000017 1887
-121.43750000001 46.487500000017 1846
-121.40416666667 46.487500000017 2299
-121.38750000001 46.487500000017 1891
-121.37083333334 46.487500000017 1815
-121.35416666667 46.487500000017 1529
-121.33750000001 46.487500000017 1434
-121.57083333334 46.504166666684 1265
-121.55416666667 46.504166666684 1237
-121.53750000001 46.504166666684 1298
-121.52083333334 46.504166666684 1393
-121.50416666667 46.504166666684 1791
-121.48750000001 46.504166666684 1459
-121.47083333334 46.504166666684 1864
-121.45416666667 46.504166666684 2151
-121.43750000001 46.504166666684 2030
-121.42083333334 46.504166666684 1814
-121.40416666667 46.504166666684 2071
-121.38750000001 46.504166666684 1823
-121.37083333334 46.504166666684 1584
-121.35416666667 46.504166666684 1442
-121.33750000001 46.504166666684 1363
-121.30416666667 46.504166666684 1375
-121.57083333334 46.520833333351 1343
-121.55416666667 46.520833333351 1524
-121.53750000001 46.520833333351 1240
-121.52083333334 46.520833333351 1423
-121.50416666667 46.520833333351 1835
-121.48750000001 46.520833333351 2002
-121.47083333334 46.520833333351 1832
-121.45416666667 46.520833333351 2092
-121.43750000001 46.520833333351 1894
-121.42083333334 46.520833333351 1577
-121.40416666667 46.520833333351 1830
-121.38750000001 46.520833333351 1699
-121.37083333334 46.520833333351 1897
-121.35416666667 46.520833333351 2083
-121.32083333334 46.520833333351 2015
-121.30416666667 46.520833333351 1840
-121.28750000001 46.520833333351 1658
-121.58750000001 46.537500000017 1254
-121.57083333334 46.537500000017 1484
-121.55416666667 46.537500000017 1280
-121.53750000001 46.537500000017 1357
-121.52083333334 46.537500000017 1515
-121.50416666667 46.537500000017 2179
-121.48750000001 46.537500000017 1481
-121.47083333334 46.537500000017 1503
-121.45416666667 46.537500000017 2016
-121.43750000001 46.537500000017 1814
-121.42083333334 46.537500000017 1531
-121.40416666667 46.537500000017 1340
-121.38750000001 46.537500000017 1074
-121.37083333334 46.537500000017 1366
-121.35416666667 46.537500000017 1647
-121.33750000001 46.537500000017 1928
-121.32083333334 46.537500000017 1581
-121.28750000001 46.537500000017 1489
-121.27083333334 46.537500000017 1223
-121.58750000001 46.554166666684 1177
-121.57083333334 46.554166666684 1102
-121.55416666667 46.554166666684 1518
-121.53750000001 46.554166666684 1584
-121.52083333334 46.554166666684 1320
-121.50416666667 46.554166666684 1404
-121.48750000001 46.554166666684 1170
-121.47083333334 46.554166666684 1639
-121.45416666667 46.554166666684 1610
-121.43750000001 46.554166666684 1506
-121.42083333334 46.554166666684 1441
-121.40416666667 46.554166666684 1425
-121.38750000001 46.554166666684 1099
-121.37083333334 46.554166666684 1013
-121.35416666667 46.554166666684 1240
-121.33750000001 46.554166666684 1655
-121.32083333334 46.554166666684 1958
-121.57083333334 46.570833333351 1254
-121.55416666667 46.570833333351 1144
-121.53750000001 46.570833333351 905
-121.52083333334 46.570833333351 1298
-121.50416666667 46.570833333351 1553
-121.48750000001 46.570833333351 1796
-121.47083333334 46.570833333351 1692
-121.45416666667 46.570833333351 1146
-121.43750000001 46.570833333351 1200
-121.42083333334 46.570833333351 1561
-121.40416666667 46.570833333351 1504
-121.38750000001 46.570833333351 1482
-121.37083333334 46.570833333351 1227
-121.35416666667 46.570833333351 1013
-121.33750000001 46.570833333351 1376
-121.32083333334 46.570833333351 1902
-121.58750000001 46.587500000017 1011
-121.57083333334 46.587500000017 972
-121.53750000001 46.587500000017 1377
-121.52083333334 46.587500000017 1392
-121.50416666667 46.587500000017 1744
-121.48750000001 46.587500000017 1696
-121.47083333334 46.587500000017 1265
-121.45416666667 46.587500000017 1315
-121.43750000001 46.587500000017 1243
-121.42083333334 46.587500000017 1510
-121.40416666667 46.587500000017 1922
-121.38750000001 46.587500000017 1766
-121.37083333334 46.587500000017 1526
-121.33750000001 46.587500000017 1135
-121.32083333334 46.587500000017 1780
-121.53750000001 46.604166666684 1211
-121.52083333334 46.604166666684 1414
-121.50416666667 46.604166666684 1741
-121.48750000001 46.604166666684 1306
-121.47083333334 46.604166666684 1525
-121.45416666667 46.604166666684 1055
-121.43750000001 46.604166666684 1202
-121.42083333334 46.604166666684 1651
-121.40416666667 46.604166666684 1933
-121.38750000001 46.604166666684 1546
-121.37083333334 46.604166666684 1464
-121.35416666667 46.604166666684 1165
-121.53750000001 46.620833333351 1322
-121.52083333334 46.620833333351 1304
-121.50416666667 46.620833333351 1550
-121.48750000001 46.620833333351 1576
-121.47083333334 46.620833333351 1226
-121.45416666667 46.620833333351 1012
-121.43750000001 46.620833333351 1181
-121.42083333334 46.620833333351 1485
-121.37083333334 46.620833333351 1667
-121.35416666667 46.620833333351 1417
-121.33750000001 46.620833333351 1131
-121.57083333334 46.637500000017 1182
-121.55416666667 46.637500000017 1203
-121.53750000001 46.637500000017 1384
-121.52083333334 46.637500000017 1397
-121.50416666667 46.637500000017 1204
-121.48750000001 46.637500000017 1498
-121.47083333334 46.637500000017 1127
-121.37083333334 46.637500000017 1424
-121.35416666667 46.637500000017 1747
-121.33750000001 46.637500000017 1603
-121.32083333334 46.637500000017 1543
-121.55416666667 46.654166666684 1174
-121.53750000001 46.654166666684 1213
