-83.64583333334 35.429166666668 521
-83.612500000007 35.429166666668 521
-83.779166666673 35.445833333335 521
-83.762500000006 35.445833333335 522
-83.74583333334 35.445833333335 523
-83.729166666673 35.445833333335 521
-83.712500000007 35.445833333335 538
-83.69583333334 35.445833333335 550
-83.679166666673 35.445833333335 640
-83.662500000007 35.445833333335 607
-83.64583333334 35.445833333335 523
-83.629166666673 35.445833333335 548
-83.612500000007 35.445833333335 524
-83.59583333334 35.445833333335 608
-83.562500000007 35.445833333335 546
-83.54583333334 35.445833333335 566
-83.529166666673 35.445833333335 541
-83.512500000007 35.445833333335 530
-83.862500000006 35.462500000002 683
-83.84583333334 35.462500000002 711
-83.829166666673 35.462500000002 583
-83.812500000006 35.462500000002 599
-83.79583333334 35.462500000002 561
-83.779166666673 35.462500000002 582
-83.762500000006 35.462500000002 703
-83.74583333334 35.462500000002 707
-83.729166666673 35.462500000002 522
-83.712500000007 35.462500000002 760
-83.69583333334 35.462500000002 846
-83.679166666673 35.462500000002 952
-83.662500000007 35.462500000002 765
-83.64583333334 35.462500000002 1067
-83.629166666673 35.462500000002 915
-83.612500000007 35.462500000002 730
-83.59583333334 35.462500000002 822
-83.579166666673 35.462500000002 748
-83.562500000007 35.462500000002 544
-83.54583333334 35.462500000002 706
-83.529166666673 35.462500000002 627
-83.512500000007 35.462500000002 845
-83.49583333334 35.462500000002 772
-83.479166666673 35.462500000002 836
-83.429166666673 35.462500000002 665
-83.929166666673 35.479166666668 554
-83.912500000006 35.479166666668 760
-83.89583333334 35.479166666668 805
-83.879166666673 35.479166666668 703
-83.862500000006 35.479166666668 729
-83.84583333334 35.479166666668 699
-83.829166666673 35.479166666668 1109
-83.812500000006 35.479166666668 1001
-83.79583333334 35.479166666668 811
-83.779166666673 35.479166666668 522
-83.762500000006 35.479166666668 581
-83.74583333334 35.479166666668 629
-83.729166666673 35.479166666668 634
-83.712500000007 35.479166666668 582
-83.69583333334 35.479166666668 612
-83.679166666673 35.479166666668 944
-83.662500000007 35.479166666668 1281
-83.64583333334 35.479166666668 1427
-83.629166666673 35.479166666668 1221
-83.612500000007 35.479166666668 1030
-83.59583333334 35.479166666668 983
-83.579166666673 35.479166666668 894
-83.562500000007 35.479166666668 675
-83.54583333334 35.479166666668 950
-83.529166666673 35.479166666668 915
-83.512500000007 35.479166666668 732
-83.49583333334 35.479166666668 980
-83.462500000007 35.479166666668 1020
-83.44583333334 35.479166666668 886
-83.429166666673 35.479166666668 615
-83.412500000007 35.479166666668 680
-83.912500000006 35.495833333335 767
-83.89583333334 35.495833333335 919
-83.879166666673 35.495833333335 905
-83.862500000006 35.495833333335 911
-83.84583333334 35.495833333335 965
-83.829166666673 35.495833333335 837
-83.812500000006 35.495833333335 1055
-83.79583333334 35.495833333335 716
-83.779166666673 35.495833333335 825
-83.762500000006 35.495833333335 609
-83.74583333334 35.495833333335 814
-83.729166666673 35.495833333335 1006
-83.712500000007 35.495833333335 1036
-83.69583333334 35.495833333335 732
-83.679166666673 35.495833333335 746
-83.662500000007 35.495833333335 929
-83.64583333334 35.495833333335 1008
-83.629166666673 35.495833333335 1288
-83.612500000007 35.495833333335 1266
-83.59583333334 35.495833333335 1218
-83.579166666673 35.495833333335 959
-83.562500000007 35.495833333335 681
-83.54583333334 35.495833333335 920
-83.529166666673 35.495833333335 1170
-83.512500000007 35.495833333335 956
-83.49583333334 35.495833333335 818
-83.479166666673 35.495833333335 1223
-83.462500000007 35.495833333335 1270
-83.44583333334 35.495833333335 872
-83.429166666673 35.495833333335 694
-83.412500000007 35.495833333335 963
-83.39583333334 35.495833333335 859
-83.379166666673 35.495833333335 1000
-83.979166666673 35.512500000002 365
-83.962500000006 35.512500000002 406
-83.94583333334 35.512500000002 600
-83.929166666673 35.512500000002 591
-83.912500000006 35.512500000002 644
-83.89583333334 35.512500000002 1036
-83.879166666673 35.512500000002 1309
-83.862500000006 35.512500000002 1262
-83.84583333334 35.512500000002 1261
-83.829166666673 35.512500000002 1072
-83.812500000006 35.512500000002 1199
-83.79583333334 35.512500000002 1097
-83.779166666673 35.512500000002 720
-83.762500000006 35.512500000002 640
-83.74583333334 35.512500000002 873
-83.729166666673 35.512500000002 852
-83.712500000007 35.512500000002 978
-83.69583333334 35.512500000002 809
-83.679166666673 35.512500000002 761
-83.662500000007 35.512500000002 987
-83.64583333334 35.512500000002 874
-83.629166666673 35.512500000002 1147
-83.612500000007 35.512500000002 1323
-83.59583333334 35.512500000002 1221
-83.579166666673 35.512500000002 1097
-83.562500000007 35.512500000002 800
-83.54583333334 35.512500000002 942
-83.529166666673 35.512500000002 1167
-83.512500000007 35.512500000002 1052
-83.49583333334 35.512500000002 1012
-83.479166666673 35.512500000002 1002
-83.462500000007 35.512500000002 1143
-83.44583333334 35.512500000002 998
-83.429166666673 35.512500000002 710
-83.412500000007 35.512500000002 998
-83.39583333334 35.512500000002 907
-83.379166666673 35.512500000002 1200
-83.362500000007 35.512500000002 1173
-83.34583333334 35.512500000002 1067
-83.329166666673 35.512500000002 896
-83.312500000007 35.512500000002 799
-83.29583333334 35.512500000002 683
-83.979166666673 35.529166666668 330
-83.962500000006 35.529166666668 523
-83.94583333334 35.529166666668 599
-83.929166666673 35.529166666668 769
-83.912500000006 35.529166666668 831
-83.89583333334 35.529166666668 941
-83.879166666673 35.529166666668 1150
-83.862500000006 35.529166666668 1194
-83.84583333334 35.529166666668 1084
-83.829166666673 35.529166666668 1206
-83.812500000006 35.529166666668 1225
-83.79583333334 35.529166666668 987
-83.779166666673 35.529166666668 1063
-83.762500000006 35.529166666668 873
-83.74583333334 35.529166666668 921
-83.729166666673 35.529166666668 1233
-83.712500000007 35.529166666668 1006
-83.69583333334 35.529166666668 1024
-83.679166666673 35.529166666668 792
-83.662500000007 35.529166666668 1015
-83.64583333334 35.529166666668 1094
-83.629166666673 35.529166666668 996
-83.612500000007 35.529166666668 1148
-83.59583333334 35.529166666668 1368
-83.579166666673 35.529166666668 1052
-83.562500000007 35.529166666668 958
-83.54583333334 35.529166666668 988
-83.529166666673 35.529166666668 1019
-83.512500000007 35.529166666668 1344
-83.49583333334 35.529166666668 1246
-83.479166666673 35.529166666668 1377
-83.462500000007 35.529166666668 1135
-83.44583333334 35.529166666668 1196
-83.429166666673 35.529166666668 851
-83.412500000007 35.529166666668 883
-83.39583333334 35.529166666668 1060
-83.379166666673 35.529166666668 1207
-83.362500000007 35.529166666668 1245
-83.34583333334 35.529166666668 1045
-83.329166666673 35.529166666668 1068
-83.312500000007 35.529166666668 870
-83.29583333334 35.529166666668 782
-83.179166666673 35.529166666668 1326
-83.979166666673 35.545833333335 453
-83.962500000006 35.545833333335 439
-83.94583333334 35.545833333335 582
-83.929166666673 35.545833333335 664
-83.912500000006 35.545833333335 770
-83.89583333334 35.545833333335 853
-83.879166666673 35.545833333335 810
-83.862500000006 35.545833333335 979
-83.84583333334 35.545833333335 809
-83.829166666673 35.545833333335 818
-83.812500000006 35.545833333335 1027
-83.79583333334 35.545833333335 1372
-83.779166666673 35.545833333335 1203
-83.762500000006 35.545833333335 975
-83.74583333334 35.545833333335 1077
-83.729166666673 35.545833333335 1343
-83.712500000007 35.545833333335 1463
-83.69583333334 35.545833333335 1193
-83.679166666673 35.545833333335 932
-83.662500000007 35.545833333335 1059
-83.64583333334 35.545833333335 1144
-83.629166666673 35.545833333335 1231
-83.612500000007 35.545833333335 1197
-83.59583333334 35.545833333335 1220
-83.579166666673 35.545833333335 1342
-83.562500000007 35.545833333335 1350
-83.54583333334 35.545833333335 1251
-83.529166666673 35.545833333335 1467
-83.512500000007 35.545833333335 1407
-83.49583333334 35.545833333335 1671
-83.479166666673 35.545833333335 1369
-83.462500000007 35.545833333335 1412
-83.44583333334 35.545833333335 1279
-83.429166666673 35.545833333335 863
-83.412500000007 35.545833333335 823
-83.39583333334 35.545833333335 1103
-83.379166666673 35.545833333335 1432
-83.362500000007 35.545833333335 1448
-83.34583333334 35.545833333335 1352
-83.329166666673 35.545833333335 1094
-83.312500000007 35.545833333335 802
-83.29583333334 35.545833333335 756
-83.19583333334 35.545833333335 1213
-83.179166666673 35.545833333335 1312
-83.979166666673 35.562500000002 365
-83.962500000006 35.562500000002 393
-83.94583333334 35.562500000002 455
-83.929166666673 35.562500000002 590
-83.912500000006 35.562500000002 775
-83.89583333334 35.562500000002 690
-83.879166666673 35.562500000002 697
-83.862500000006 35.562500000002 678
-83.84583333334 35.562500000002 607
-83.829166666673 35.562500000002 824
-83.812500000006 35.562500000002 802
-83.79583333334 35.562500000002 1033
-83.779166666673 35.562500000002 1241
-83.762500000006 35.562500000002 1297
-83.74583333334 35.562500000002 1503
-83.729166666673 35.562500000002 1477
-83.712500000007 35.562500000002 1533
-83.69583333334 35.562500000002 1242
-83.679166666673 35.562500000002 1270
-83.662500000007 35.562500000002 1198
-83.64583333334 35.562500000002 1372
-83.629166666673 35.562500000002 1394
-83.612500000007 35.562500000002 1187
-83.59583333334 35.562500000002 1517
-83.579166666673 35.562500000002 1490
-83.562500000007 35.562500000002 1518
-83.54583333334 35.562500000002 1632
-83.529166666673 35.562500000002 1692
-83.512500000007 35.562500000002 1888
-83.49583333334 35.562500000002 1951
-83.479166666673 35.562500000002 1603
-83.462500000007 35.562500000002 1543
-83.44583333334 35.562500000002 1292
-83.429166666673 35.562500000002 1067
-83.412500000007 35.562500000002 928
-83.39583333334 35.562500000002 1190
-83.379166666673 35.562500000002 1415
-83.362500000007 35.562500000002 1066
-83.34583333334 35.562500000002 899
-83.329166666673 35.562500000002 714
-83.312500000007 35.562500000002 703
-83.212500000007 35.562500000002 1097
-83.19583333334 35.562500000002 1224
-83.179166666673 35.562500000002 1526
-83.162500000007 35.562500000002 1566
-83.14583333334 35.562500000002 1311
-83.129166666673 35.562500000002 1283
-83.112500000007 35.562500000002 1482
-83.979166666673 35.579166666668 290
-83.962500000006 35.579166666668 389
-83.94583333334 35.579166666668 506
-83.929166666673 35.579166666668 644
-83.912500000006 35.579166666668 578
-83.89583333334 35.579166666668 539
-83.879166666673 35.579166666668 634
-83.862500000006 35.579166666668 662
-83.84583333334 35.579166666668 567
-83.829166666673 35.579166666668 579
-83.812500000006 35.579166666668 660
-83.79583333334 35.579166666668 878
-83.779166666673 35.579166666668 907
-83.762500000006 35.579166666668 955
-83.74583333334 35.579166666668 1048
-83.729166666673 35.579166666668 1056
-83.712500000007 35.579166666668 1333
-83.69583333334 35.579166666668 1223
-83.679166666673 35.579166666668 1411
-83.662500000007 35.579166666668 1106
-83.64583333334 35.579166666668 1347
-83.629166666673 35.579166666668 1222
-83.612500000007 35.579166666668 1524
-83.59583333334 35.579166666668 1386
-83.579166666673 35.579166666668 1198
-83.562500000007 35.579166666668 1242
-83.54583333334 35.579166666668 1415
-83.529166666673 35.579166666668 1358
-83.512500000007 35.579166666668 1355
-83.49583333334 35.579166666668 1403
-83.479166666673 35.579166666668 1712
-83.462500000007 35.579166666668 1431
-83.44583333334 35.579166666668 1422
-83.429166666673 35.579166666668 1236
-83.412500000007 35.579166666668 1228
-83.39583333334 35.579166666668 1492
-83.379166666673 35.579166666668 1372
-83.362500000007 35.579166666668 1181
-83.34583333334 35.579166666668 792
-83.329166666673 35.579166666668 939
-83.312500000007 35.579166666668 737
-83.29583333334 35.579166666668 1213
-83.279166666673 35.579166666668 1173
-83.229166666673 35.579166666668 1111
-83.212500000007 35.579166666668 1138
-83.19583333334 35.579166666668 1362
-83.179166666673 35.579166666668 1709
-83.162500000007 35.579166666668 1585
-83.14583333334 35.579166666668 1298
-83.129166666673 35.579166666668 1224
-83.112500000007 35.579166666668 1150
-83.09583333334 35.579166666668 1348
-83.94583333334 35.595833333335 383
-83.929166666673 35.595833333335 482
-83.912500000006 35.595833333335 533
-83.89583333334 35.595833333335 559
-83.879166666673 35.595833333335 598
-83.862500000006 35.595833333335 532
-83.84583333334 35.595833333335 525
-83.829166666673 35.595833333335 533
-83.812500000006 35.595833333335 543
-83.79583333334 35.595833333335 562
-83.779166666673 35.595833333335 602
-83.762500000006 35.595833333335 736
-83.74583333334 35.595833333335 817
-83.729166666673 35.595833333335 809
-83.712500000007 35.595833333335 920
-83.69583333334 35.595833333335 1017
-83.679166666673 35.595833333335 1006
-83.662500000007 35.595833333335 956
-83.64583333334 35.595833333335 1137
-83.629166666673 35.595833333335 982
-83.612500000007 35.595833333335 1187
-83.59583333334 35.595833333335 1365
-83.579166666673 35.595833333335 1245
-83.562500000007 35.595833333335 1074
-83.54583333334 35.595833333335 1365
-83.529166666673 35.595833333335 1401
-83.512500000007 35.595833333335 1080
-83.49583333334 35.595833333335 1260
-83.479166666673 35.595833333335 1660
-83.462500000007 35.595833333335 1703
-83.44583333334 35.595833333335 1525
-83.429166666673 35.595833333335 1299
-83.412500000007 35.595833333335 1389
-83.39583333334 35.595833333335 1084
-83.379166666673 35.595833333335 1048
-83.362500000007 35.595833333335 1002
-83.34583333334 35.595833333335 1374
-83.329166666673 35.595833333335 910
-83.312500000007 35.595833333335 1109
-83.29583333334 35.595833333335 1002
-83.279166666673 35.595833333335 1469
-83.262500000007 35.595833333335 1136
-83.24583333334 35.595833333335 1324
-83.229166666673 35.595833333335 912
-83.212500000007 35.595833333335 1427
-83.19583333334 35.595833333335 1487
-83.179166666673 35.595833333335 1681
-83.162500000007 35.595833333335 1310
-83.14583333334 35.595833333335 1080
-83.129166666673 35.595833333335 1029
-83.112500000007 35.595833333335 989
-83.09583333334 35.595833333335 1038
-83.079166666673 35.595833333335 1337
-83.929166666673 35.612500000002 368
-83.912500000006 35.612500000002 411
-83.89583333334 35.612500000002 485
-83.879166666673 35.612500000002 480
-83.862500000006 35.612500000002 569
-83.84583333334 35.612500000002 610
-83.829166666673 35.612500000002 585
-83.812500000006 35.612500000002 596
-83.79583333334 35.612500000002 591
-83.779166666673 35.612500000002 681
-83.762500000006 35.612500000002 787
-83.74583333334 35.612500000002 528
-83.729166666673 35.612500000002 700
-83.712500000007 35.612500000002 615
-83.69583333334 35.612500000002 905
-83.679166666673 35.612500000002 836
-83.662500000007 35.612500000002 827
-83.64583333334 35.612500000002 768
-83.629166666673 35.612500000002 983
-83.612500000007 35.612500000002 1281
-83.59583333334 35.612500000002 1378
-83.579166666673 35.612500000002 1371
-83.562500000007 35.612500000002 1135
-83.54583333334 35.612500000002 884
-83.529166666673 35.612500000002 907
-83.512500000007 35.612500000002 1249
-83.49583333334 35.612500000002 1528
-83.479166666673 35.612500000002 1552
-83.462500000007 35.612500000002 1473
-83.44583333334 35.612500000002 1677
-83.429166666673 35.612500000002 1553
-83.412500000007 35.612500000002 1572
-83.39583333334 35.612500000002 1526
-83.379166666673 35.612500000002 1261
-83.362500000007 35.612500000002 1217
-83.34583333334 35.612500000002 1247
-83.329166666673 35.612500000002 947
-83.312500000007 35.612500000002 1163
-83.29583333334 35.612500000002 1434
-83.279166666673 35.612500000002 1373
-83.262500000007 35.612500000002 1170
-83.24583333334 35.612500000002 1293
-83.229166666673 35.612500000002 1077
-83.212500000007 35.612500000002 953
-83.19583333334 35.612500000002 1202
-83.179166666673 35.612500000002 1602
-83.162500000007 35.612500000002 1433
-83.14583333334 35.612500000002 1106
-83.129166666673 35.612500000002 966
-83.112500000007 35.612500000002 1077
-83.09583333334 35.612500000002 884
-83.079166666673 35.612500000002 1096
-83.912500000006 35.629166666668 459
-83.89583333334 35.629166666668 516
-83.879166666673 35.629166666668 579
-83.862500000006 35.629166666668 576
-83.84583333334 35.629166666668 656
-83.829166666673 35.629166666668 718
-83.812500000006 35.629166666668 760
-83.79583333334 35.629166666668 994
-83.762500000006 35.629166666668 782
-83.74583333334 35.629166666668 618
-83.729166666673 35.629166666668 489
-83.712500000007 35.629166666668 549
-83.69583333334 35.629166666668 598
-83.679166666673 35.629166666668 577
-83.662500000007 35.629166666668 809
-83.64583333334 35.629166666668 899
-83.629166666673 35.629166666668 1006
-83.612500000007 35.629166666668 1262
-83.59583333334 35.629166666668 988
-83.579166666673 35.629166666668 1120
-83.562500000007 35.629166666668 1054
-83.54583333334 35.629166666668 860
-83.529166666673 35.629166666668 1013
-83.512500000007 35.629166666668 1203
-83.49583333334 35.629166666668 1212
-83.479166666673 35.629166666668 1380
-83.462500000007 35.629166666668 1300
-83.44583333334 35.629166666668 1206
-83.429166666673 35.629166666668 1581
-83.412500000007 35.629166666668 1457
-83.39583333334 35.629166666668 1699
-83.379166666673 35.629166666668 1543
-83.362500000007 35.629166666668 1640
-83.34583333334 35.629166666668 1476
-83.329166666673 35.629166666668 1036
-83.312500000007 35.629166666668 1315
-83.29583333334 35.629166666668 1504
-83.279166666673 35.629166666668 1469
-83.262500000007 35.629166666668 1242
-83.24583333334 35.629166666668 1453
-83.229166666673 35.629166666668 1414
-83.212500000007 35.629166666668 1012
-83.19583333334 35.629166666668 1127
-83.179166666673 35.629166666668 1352
-83.162500000007 35.629166666668 1189
-83.14583333334 35.629166666668 1257
-83.129166666673 35.629166666668 1048
-83.112500000007 35.629166666668 856
-83.09583333334 35.629166666668 825
-83.079166666673 35.629166666668 1060
-83.062500000007 35.629166666668 1125
-83.89583333334 35.645833333335 429
-83.879166666673 35.645833333335 537
-83.862500000006 35.645833333335 459
-83.84583333334 35.645833333335 575
-83.829166666673 35.645833333335 564
-83.812500000006 35.645833333335 646
-83.74583333334 35.645833333335 609
-83.729166666673 35.645833333335 535
-83.712500000007 35.645833333335 489
-83.69583333334 35.645833333335 408
-83.679166666673 35.645833333335 669
-83.662500000007 35.645833333335 675
-83.64583333334 35.645833333335 789
-83.629166666673 35.645833333335 834
-83.612500000007 35.645833333335 852
-83.59583333334 35.645833333335 817
-83.579166666673 35.645833333335 823
-83.562500000007 35.645833333335 750
-83.54583333334 35.645833333335 930
-83.529166666673 35.645833333335 1127
-83.512500000007 35.645833333335 726
-83.49583333334 35.645833333335 1065
-83.479166666673 35.645833333335 1323
-83.462500000007 35.645833333335 1448
-83.44583333334 35.645833333335 1548
-83.429166666673 35.645833333335 1772
-83.412500000007 35.645833333335 1416
-83.39583333334 35.645833333335 1198
-83.379166666673 35.645833333335 1225
-83.362500000007 35.645833333335 1580
-83.34583333334 35.645833333335 1529
-83.329166666673 35.645833333335 1165
-83.312500000007 35.645833333335 1418
-83.29583333334 35.645833333335 1635
-83.279166666673 35.645833333335 1459
-83.262500000007 35.645833333335 1310
-83.24583333334 35.645833333335 1441
-83.229166666673 35.645833333335 1391
-83.212500000007 35.645833333335 1337
-83.19583333334 35.645833333335 1455
-83.179166666673 35.645833333335 1336
-83.162500000007 35.645833333335 1223
-83.14583333334 35.645833333335 1226
-83.129166666673 35.645833333335 979
-83.112500000007 35.645833333335 1079
-83.09583333334 35.645833333335 1104
-83.079166666673 35.645833333335 858
-83.062500000007 35.645833333335 1030
-83.862500000006 35.662500000002 475
-83.84583333334 35.662500000002 440
-83.829166666673 35.662500000002 640
-83.712500000007 35.662500000002 369
-83.69583333334 35.662500000002 478
-83.679166666673 35.662500000002 570
-83.662500000007 35.662500000002 552
-83.64583333334 35.662500000002 843
-83.629166666673 35.662500000002 604
-83.612500000007 35.662500000002 605
-83.59583333334 35.662500000002 652
-83.579166666673 35.662500000002 770
-83.562500000007 35.662500000002 834
-83.54583333334 35.662500000002 725
-83.529166666673 35.662500000002 608
-83.512500000007 35.662500000002 656
-83.49583333334 35.662500000002 1126
-83.479166666673 35.662500000002 1115
-83.462500000007 35.662500000002 1387
-83.44583333334 35.662500000002 1569
-83.429166666673 35.662500000002 1595
-83.412500000007 35.662500000002 1195
-83.39583333334 35.662500000002 961
-83.379166666673 35.662500000002 1084
-83.362500000007 35.662500000002 1324
-83.34583333334 35.662500000002 1732
-83.329166666673 35.662500000002 1720
-83.312500000007 35.662500000002 1512
-83.29583333334 35.662500000002 1680
-83.279166666673 35.662500000002 1528
-83.262500000007 35.662500000002 1452
-83.24583333334 35.662500000002 1535
-83.229166666673 35.662500000002 1401
-83.212500000007 35.662500000002 1483
-83.19583333334 35.662500000002 1605
-83.179166666673 35.662500000002 1574
-83.162500000007 35.662500000002 1577
-83.14583333334 35.662500000002 1326
-83.129166666673 35.662500000002 1393
-83.112500000007 35.662500000002 1134
-83.09583333334 35.662500000002 971
-83.079166666673 35.662500000002 945
-83.062500000007 35.662500000002 1058
-83.69583333334 35.679166666668 492
-83.679166666673 35.679166666668 640
-83.662500000007 35.679166666668 587
-83.64583333334 35.679166666668 517
-83.629166666673 35.679166666668 876
-83.612500000007 35.679166666668 983
-83.59583333334 35.679166666668 850
-83.579166666673 35.679166666668 776
-83.562500000007 35.679166666668 518
-83.54583333334 35.679166666668 555
-83.529166666673 35.679166666668 487
-83.512500000007 35.679166666668 626
-83.49583333334 35.679166666668 794
-83.479166666673 35.679166666668 824
-83.462500000007 35.679166666668 1004
-83.44583333334 35.679166666668 1101
-83.429166666673 35.679166666668 1435
-83.412500000007 35.679166666668 1039
-83.39583333334 35.679166666668 765
-83.379166666673 35.679166666668 961
-83.362500000007 35.679166666668 963
-83.34583333334 35.679166666668 1391
-83.329166666673 35.679166666668 1485
-83.312500000007 35.679166666668 1332
-83.29583333334 35.679166666668 1520
-83.279166666673 35.679166666668 1705
-83.262500000007 35.679166666668 1572
-83.24583333334 35.679166666668 1802
-83.229166666673 35.679166666668 1371
-83.212500000007 35.679166666668 1674
-83.19583333334 35.679166666668 1676
-83.179166666673 35.679166666668 1586
-83.162500000007 35.679166666668 1727
-83.14583333334 35.679166666668 1516
-83.129166666673 35.679166666668 1359
-83.112500000007 35.679166666668 1097
-83.09583333334 35.679166666668 1022
-83.079166666673 35.679166666668 1016
-83.062500000007 35.679166666668 732
-83.629166666673 35.695833333335 652
-83.612500000007 35.695833333335 1164
-83.59583333334 35.695833333335 1129
-83.579166666673 35.695833333335 1070
-83.562500000007 35.695833333335 942
-83.54583333334 35.695833333335 668
-83.529166666673 35.695833333335 425
-83.512500000007 35.695833333335 532
-83.49583333334 35.695833333335 696
-83.479166666673 35.695833333335 673
-83.462500000007 35.695833333335 775
-83.44583333334 35.695833333335 1061
-83.429166666673 35.695833333335 939
-83.412500000007 35.695833333335 817
-83.39583333334 35.695833333335 763
-83.379166666673 35.695833333335 616
-83.362500000007 35.695833333335 877
-83.34583333334 35.695833333335 892
-83.329166666673 35.695833333335 910
-83.312500000007 35.695833333335 1134
-83.29583333334 35.695833333335 1358
-83.279166666673 35.695833333335 1512
-83.262500000007 35.695833333335 1674
-83.24583333334 35.695833333335 1806
-83.229166666673 35.695833333335 1678
-83.212500000007 35.695833333335 1725
-83.19583333334 35.695833333335 1256
-83.179166666673 35.695833333335 1160
-83.162500000007 35.695833333335 1382
-83.14583333334 35.695833333335 1289
-83.129166666673 35.695833333335 1584
-83.112500000007 35.695833333335 1317
-83.09583333334 35.695833333335 1170
-83.479166666673 35.712500000002 548
-83.462500000007 35.712500000002 730
-83.44583333334 35.712500000002 699
-83.429166666673 35.712500000002 749
-83.412500000007 35.712500000002 624
-83.39583333334 35.712500000002 608
-83.379166666673 35.712500000002 530
-83.362500000007 35.712500000002 797
-83.34583333334 35.712500000002 1103
-83.329166666673 35.712500000002 1110
-83.312500000007 35.712500000002 1130
-83.29583333334 35.712500000002 1499
-83.279166666673 35.712500000002 1742
-83.262500000007 35.712500000002 1769
-83.24583333334 35.712500000002 1639
-83.229166666673 35.712500000002 1342
-83.212500000007 35.712500000002 1247
-83.19583333334 35.712500000002 1168
-83.179166666673 35.712500000002 1012
-83.162500000007 35.712500000002 959
-83.14583333334 35.712500000002 1366
-83.129166666673 35.712500000002 1348
-83.112500000007 35.712500000002 1526
-83.09583333334 35.712500000002 1042
-83.44583333334 35.729166666668 488
-83.429166666673 35.729166666668 515
-83.412500000007 35.729166666668 491
-83.39583333334 35.729166666668 550
-83.379166666673 35.729166666668 579
-83.362500000007 35.729166666668 781
-83.34583333334 35.729166666668 900
-83.329166666673 35.729166666668 1059
-83.312500000007 35.729166666668 1123
-83.29583333334 35.729166666668 1307
-83.279166666673 35.729166666668 1166
-83.262500000007 35.729166666668 1302
-83.24583333334 35.729166666668 1672
-83.229166666673 35.729166666668 1533
-83.212500000007 35.729166666668 1429
-83.19583333334 35.729166666668 1457
-83.179166666673 35.729166666668 1391
-83.162500000007 35.729166666668 937
-83.14583333334 35.729166666668 1015
-83.129166666673 35.729166666668 1056
-83.112500000007 35.729166666668 1071
-83.09583333334 35.729166666668 1060
-83.39583333334 35.745833333335 427
-83.379166666673 35.745833333335 480
-83.362500000007 35.745833333335 488
-83.34583333334 35.745833333335 624
-83.329166666673 35.745833333335 761
-83.312500000007 35.745833333335 732
-83.29583333334 35.745833333335 881
-83.279166666673 35.745833333335 821
-83.262500000007 35.745833333335 1000
-83.24583333334 35.745833333335 1094
-83.229166666673 35.745833333335 1208
-83.212500000007 35.745833333335 860
-83.19583333334 35.745833333335 857
-83.179166666673 35.745833333335 1391
-83.162500000007 35.745833333335 1265
-83.14583333334 35.745833333335 1067
-83.129166666673 35.745833333335 921
-83.112500000007 35.745833333335 611
-83.29583333334 35.762500000002 608
-83.262500000007 35.762500000002 699
-83.24583333334 35.762500000002 785
-83.229166666673 35.762500000002 892
-83.212500000007 35.762500000002 622
-83.19583333334 35.762500000002 762
-83.179166666673 35.762500000002 1130
-83.162500000007 35.762500000002 1458
-83.14583333334 35.762500000002 1097
-83.129166666673 35.762500000002 823
-83.112500000007 35.762500000002 603
-83.229166666673 35.779166666668 534
-83.212500000007 35.779166666668 545
-83.19583333334 35.779166666668 582
-83.179166666673 35.779166666668 735
-83.162500000007 35.779166666668 885
-83.14583333334 35.779166666668 873
