-73.054166665249 43.054166662818 660
-73.045833331913 43.054166662818 695
-73.045833331913 43.0708333295 776
-73.037499998577 43.0708333295 786
-73.062499998585 43.079166662841 795
-73.054166665249 43.079166662841 853
-73.045833331913 43.079166662841 851
-73.037499998577 43.079166662841 819
-73.087499998592 43.087499996182 457
-73.079166665256 43.087499996182 518
-73.07083333192 43.087499996182 579
-73.062499998585 43.087499996182 718
-73.054166665249 43.087499996182 807
-73.045833331913 43.087499996182 841
-73.037499998577 43.087499996182 804
-73.029166665241 43.087499996182 798
-73.020833331905 43.087499996182 799
-73.01249999857 43.087499996182 803
-73.095833331928 43.095833329523 305
-73.087499998592 43.095833329523 600
-73.079166665256 43.095833329523 721
-73.07083333192 43.095833329523 739
-73.062499998585 43.095833329523 753
-73.054166665249 43.095833329523 792
-73.045833331913 43.095833329523 796
-73.037499998577 43.095833329523 787
-73.029166665241 43.095833329523 766
-73.020833331905 43.095833329523 766
-73.01249999857 43.095833329523 791
-73.004166665234 43.095833329523 803
-72.995833331898 43.095833329523 838
-72.987499998562 43.095833329523 775
-73.087499998592 43.104166662864 409
-73.079166665256 43.104166662864 640
-73.07083333192 43.104166662864 737
-73.062499998585 43.104166662864 770
-73.054166665249 43.104166662864 792
-73.045833331913 43.104166662864 769
-73.037499998577 43.104166662864 663
-73.029166665241 43.104166662864 716
-73.020833331905 43.104166662864 801
-73.01249999857 43.104166662864 792
-73.004166665234 43.104166662864 782
-72.995833331898 43.104166662864 776
-72.987499998562 43.104166662864 736
-73.079166665256 43.112499996205 457
-73.07083333192 43.112499996205 670
-73.062499998585 43.112499996205 752
-73.054166665249 43.112499996205 786
-73.045833331913 43.112499996205 655
-73.037499998577 43.112499996205 610
-73.029166665241 43.112499996205 781
-73.020833331905 43.112499996205 827
-73.01249999857 43.112499996205 807
-73.004166665234 43.112499996205 750
-72.995833331898 43.112499996205 737
-72.987499998562 43.112499996205 704
-73.07083333192 43.120833329546 450
-73.062499998585 43.120833329546 677
-73.054166665249 43.120833329546 762
-73.045833331913 43.120833329546 579
-73.037499998577 43.120833329546 639
-73.029166665241 43.120833329546 801
-73.020833331905 43.120833329546 855
-73.01249999857 43.120833329546 832
-73.004166665234 43.120833329546 722
-72.995833331898 43.120833329546 707
-72.987499998562 43.120833329546 689
-72.979166665226 43.120833329546 681
-73.062499998585 43.129166662887 415
-73.054166665249 43.129166662887 668
-73.045833331913 43.129166662887 568
-73.037499998577 43.129166662887 536
-73.029166665241 43.129166662887 732
-73.020833331905 43.129166662887 853
-73.01249999857 43.129166662887 884
-73.004166665234 43.129166662887 732
-72.995833331898 43.129166662887 699
-72.987499998562 43.129166662887 678
-72.979166665226 43.129166662887 646
-72.97083333189 43.129166662887 641
-73.054166665249 43.137499996228 411
-73.045833331913 43.137499996228 486
-73.037499998577 43.137499996228 468
-73.029166665241 43.137499996228 634
-73.020833331905 43.137499996228 748
-73.01249999857 43.137499996228 914
-73.004166665234 43.137499996228 792
-72.995833331898 43.137499996228 705
-72.987499998562 43.137499996228 673
-72.979166665226 43.137499996228 613
-73.045833331913 43.145833329569 330
-73.037499998577 43.145833329569 359
-73.029166665241 43.145833329569 444
-73.020833331905 43.145833329569 669
-73.01249999857 43.145833329569 780
-73.004166665234 43.145833329569 729
-72.995833331898 43.145833329569 678
-72.987499998562 43.145833329569 653
-72.979166665226 43.145833329569 628
-73.020833331905 43.15416666291 469
-73.01249999857 43.15416666291 514
-73.01249999857 43.162499996251 512
