-121.88750000001 44.437500000018 1440
-121.87083333334 44.437500000018 1459
-121.85416666667 44.437500000018 1603
-121.83750000001 44.437500000018 1646
-121.82083333334 44.437500000018 1463
-121.80416666667 44.437500000018 1428
-121.93750000001 44.454166666685 1404
-121.92083333334 44.454166666685 1550
-121.90416666667 44.454166666685 1626
-121.88750000001 44.454166666685 1588
-121.87083333334 44.454166666685 1585
-121.85416666667 44.454166666685 1725
-121.83750000001 44.454166666685 1623
-121.82083333334 44.454166666685 1505
-121.80416666667 44.454166666685 1402
-121.93750000001 44.470833333352 1409
-121.92083333334 44.470833333352 1529
-121.90416666667 44.470833333352 1661
-121.88750000001 44.470833333352 1648
-121.87083333334 44.470833333352 1679
-121.85416666667 44.470833333352 1879
-121.83750000001 44.470833333352 1907
-121.82083333334 44.470833333352 1703
-121.80416666667 44.470833333352 1553
-121.78750000001 44.470833333352 1402
-121.93750000001 44.487500000018 1306
-121.92083333334 44.487500000018 1430
-121.90416666667 44.487500000018 1463
-121.88750000001 44.487500000018 1509
-121.87083333334 44.487500000018 1642
-121.85416666667 44.487500000018 1911
-121.83750000001 44.487500000018 1792
-121.82083333334 44.487500000018 1892
-121.80416666667 44.487500000018 1662
-121.93750000001 44.504166666685 1273
-121.92083333334 44.504166666685 1366
-121.90416666667 44.504166666685 1535
-121.88750000001 44.504166666685 1649
-121.87083333334 44.504166666685 1605
-121.85416666667 44.504166666685 1679
-121.83750000001 44.504166666685 1721
-121.82083333334 44.504166666685 1654
-121.80416666667 44.504166666685 1530
-121.93750000001 44.520833333352 1491
-121.92083333334 44.520833333352 1602
-121.90416666667 44.520833333352 1593
-121.88750000001 44.520833333352 1696
-121.87083333334 44.520833333352 1601
-121.85416666667 44.520833333352 1480
-121.83750000001 44.520833333352 1525
-121.82083333334 44.520833333352 1644
-121.80416666667 44.520833333352 1594
-121.78750000001 44.520833333352 1446
-121.93750000001 44.537500000018 1488
-121.92083333334 44.537500000018 1459
-121.90416666667 44.537500000018 1445
-121.88750000001 44.537500000018 1569
-121.87083333334 44.537500000018 1463
-121.85416666667 44.537500000018 1341
-121.83750000001 44.537500000018 1429
-121.82083333334 44.537500000018 1764
-121.80416666667 44.537500000018 1771
-121.78750000001 44.537500000018 1584
-121.77083333334 44.537500000018 1579
-121.92083333334 44.554166666685 1348
-121.90416666667 44.554166666685 1273
-121.88750000001 44.554166666685 1441
-121.87083333334 44.554166666685 1357
-121.85416666667 44.554166666685 1280
-121.83750000001 44.554166666685 1534
-121.82083333334 44.554166666685 1659
-121.80416666667 44.554166666685 1884
-121.78750000001 44.554166666685 1625
-121.77083333334 44.554166666685 1614
-121.75416666667 44.554166666685 1534
-121.87083333334 44.570833333352 1219
-121.85416666667 44.570833333352 1346
-121.83750000001 44.570833333352 1474
-121.82083333334 44.570833333352 1739
-121.80416666667 44.570833333352 1891
-121.78750000001 44.570833333352 1650
-121.77083333334 44.570833333352 1631
-121.75416666667 44.570833333352 1633
-121.73750000001 44.570833333352 1463
-121.87083333334 44.587500000018 1259
-121.85416666667 44.587500000018 1259
-121.83750000001 44.587500000018 1466
-121.82083333334 44.587500000018 1650
-121.80416666667 44.587500000018 1768
-121.78750000001 44.587500000018 1711
-121.77083333334 44.587500000018 1492
-121.75416666667 44.587500000018 1364
-121.73750000001 44.587500000018 1357
-121.72083333334 44.587500000018 1248
-121.70416666667 44.587500000018 1246
-121.68750000001 44.587500000018 994
-121.67083333334 44.587500000018 965
-121.88750000001 44.604166666685 1465
-121.87083333334 44.604166666685 1475
-121.85416666667 44.604166666685 1582
-121.83750000001 44.604166666685 1639
-121.82083333334 44.604166666685 1645
-121.80416666667 44.604166666685 1884
-121.78750000001 44.604166666685 1820
-121.77083333334 44.604166666685 1705
-121.75416666667 44.604166666685 1767
-121.73750000001 44.604166666685 1647
-121.72083333334 44.604166666685 1426
-121.70416666667 44.604166666685 1183
-121.68750000001 44.604166666685 1028
-121.88750000001 44.620833333351 1425
-121.87083333334 44.620833333351 1507
-121.85416666667 44.620833333351 1465
-121.83750000001 44.620833333351 1669
-121.82083333334 44.620833333351 1825
-121.80416666667 44.620833333351 1769
-121.78750000001 44.620833333351 1686
-121.77083333334 44.620833333351 1590
-121.75416666667 44.620833333351 1457
-121.73750000001 44.620833333351 1370
-121.72083333334 44.620833333351 1335
-121.70416666667 44.620833333351 1158
-121.68750000001 44.620833333351 1097
-121.90416666667 44.637500000018 1524
-121.88750000001 44.637500000018 1340
-121.87083333334 44.637500000018 1199
-121.85416666667 44.637500000018 1538
-121.83750000001 44.637500000018 1325
-121.82083333334 44.637500000018 1768
-121.80416666667 44.637500000018 1878
-121.78750000001 44.637500000018 1852
-121.75416666667 44.637500000018 1463
-121.73750000001 44.637500000018 1490
-121.72083333334 44.637500000018 1325
-121.87083333334 44.654166666685 1358
-121.85416666667 44.654166666685 1313
-121.83750000001 44.654166666685 1435
-121.82083333334 44.654166666685 1920
-121.80416666667 44.654166666685 2173
-121.85416666667 44.670833333351 1354
-121.83750000001 44.670833333351 1778
-121.82083333334 44.670833333351 2069
-121.80416666667 44.670833333351 2799
-121.85416666667 44.687500000018 1276
-121.83750000001 44.687500000018 1569
-121.82083333334 44.687500000018 2213
-121.80416666667 44.687500000018 2526
-121.92083333334 44.704166666685 990
-121.90416666667 44.704166666685 1184
-121.88750000001 44.704166666685 1164
-121.85416666667 44.704166666685 1529
-121.83750000001 44.704166666685 1522
-121.82083333334 44.704166666685 1743
-121.80416666667 44.704166666685 1829
-121.92083333334 44.720833333351 1545
-121.90416666667 44.720833333351 1378
-121.88750000001 44.720833333351 1470
-121.87083333334 44.720833333351 1566
-121.85416666667 44.720833333351 1120
-121.83750000001 44.720833333351 1347
-121.82083333334 44.720833333351 1776
-121.80416666667 44.720833333351 1976
-121.78750000001 44.720833333351 1942
-121.87083333334 44.737500000018 975
-121.85416666667 44.737500000018 1314
-121.83750000001 44.737500000018 1698
-121.82083333334 44.737500000018 1705
-121.80416666667 44.737500000018 1932
-121.78750000001 44.737500000018 1705
-121.87083333334 44.754166666685 1534
-121.85416666667 44.754166666685 1661
-121.83750000001 44.754166666685 1525
-121.82083333334 44.754166666685 1388
-121.80416666667 44.754166666685 1868
-121.78750000001 44.754166666685 1858
-121.87083333334 44.770833333351 1544
-121.85416666667 44.770833333351 1471
-121.83750000001 44.770833333351 1127
-121.82083333334 44.770833333351 1515
-121.87083333334 44.787500000018 1318
-121.85416666667 44.787500000018 914
-121.83750000001 44.787500000018 1308
-121.85416666667 44.804166666685 1226
