-122.16250000001 42.304166666686 1791
-122.15416666667 42.304166666686 1804
-122.14583333334 42.304166666686 1768
-122.13750000001 42.304166666686 1768
-122.12916666667 42.304166666686 1804
-122.12083333334 42.304166666686 1850
-122.11250000001 42.304166666686 1880
-122.10416666667 42.304166666686 1979
-122.09583333334 42.304166666686 2096
-122.08750000001 42.304166666686 2168
-122.07916666667 42.304166666686 2203
-122.07083333334 42.304166666686 2151
-122.06250000001 42.304166666686 2057
-122.05416666667 42.304166666686 1914
-122.16250000001 42.312500000019 1887
-122.15416666667 42.312500000019 1954
-122.14583333334 42.312500000019 1962
-122.13750000001 42.312500000019 1906
-122.12916666667 42.312500000019 1884
-122.12083333334 42.312500000019 1951
-122.11250000001 42.312500000019 2009
-122.10416666667 42.312500000019 2082
-122.09583333334 42.312500000019 2252
-122.08750000001 42.312500000019 2437
-122.07916666667 42.312500000019 2430
-122.07083333334 42.312500000019 2333
-122.06250000001 42.312500000019 2157
-122.05416666667 42.312500000019 2001
-122.16250000001 42.320833333352 2044
-122.15416666667 42.320833333352 2107
-122.14583333334 42.320833333352 2160
-122.13750000001 42.320833333352 2140
-122.12916666667 42.320833333352 2066
-122.12083333334 42.320833333352 2043
-122.11250000001 42.320833333352 2073
-122.10416666667 42.320833333352 2169
-122.09583333334 42.320833333352 2316
-122.08750000001 42.320833333352 2310
-122.07916666667 42.320833333352 2242
-122.07083333334 42.320833333352 2372
-122.06250000001 42.320833333352 2236
-122.05416666667 42.320833333352 1977
-122.16250000001 42.329166666686 2153
-122.15416666667 42.329166666686 2295
-122.14583333334 42.329166666686 2343
-122.13750000001 42.329166666686 2312
-122.12916666667 42.329166666686 2178
-122.12083333334 42.329166666686 2087
-122.11250000001 42.329166666686 2119
-122.10416666667 42.329166666686 2208
-122.09583333334 42.329166666686 2200
-122.08750000001 42.329166666686 2246
-122.07916666667 42.329166666686 2133
-122.07083333334 42.329166666686 2073
-122.06250000001 42.329166666686 2073
-122.05416666667 42.329166666686 1961
-122.16250000001 42.337500000019 2188
-122.15416666667 42.337500000019 2144
-122.14583333334 42.337500000019 2158
-122.13750000001 42.337500000019 2224
-122.12916666667 42.337500000019 2242
-122.12083333334 42.337500000019 2257
-122.11250000001 42.337500000019 2178
-122.10416666667 42.337500000019 2170
-122.09583333334 42.337500000019 2072
-122.08750000001 42.337500000019 2137
-122.07916666667 42.337500000019 2342
-122.07083333334 42.337500000019 2226
-122.06250000001 42.337500000019 2023
-122.05416666667 42.337500000019 1900
-122.16250000001 42.345833333352 2011
-122.15416666667 42.345833333352 2031
-122.14583333334 42.345833333352 2054
-122.13750000001 42.345833333352 2171
-122.12916666667 42.345833333352 2258
-122.12083333334 42.345833333352 2092
-122.11250000001 42.345833333352 2012
-122.10416666667 42.345833333352 2020
-122.09583333334 42.345833333352 2040
-122.08750000001 42.345833333352 2016
-122.07916666667 42.345833333352 2184
-122.07083333334 42.345833333352 2099
-122.06250000001 42.345833333352 1970
-122.05416666667 42.345833333352 1766
-122.16250000001 42.354166666686 1947
-122.15416666667 42.354166666686 1950
-122.14583333334 42.354166666686 2152
-122.13750000001 42.354166666686 2257
-122.12916666667 42.354166666686 2107
-122.12083333334 42.354166666686 2062
-122.11250000001 42.354166666686 2059
-122.10416666667 42.354166666686 1968
-122.09583333334 42.354166666686 1943
-122.08750000001 42.354166666686 1931
-122.07916666667 42.354166666686 1965
-122.07083333334 42.354166666686 2014
-122.06250000001 42.354166666686 1904
-122.05416666667 42.354166666686 1752
-122.16250000001 42.362500000019 1884
-122.15416666667 42.362500000019 2014
-122.14583333334 42.362500000019 2172
-122.13750000001 42.362500000019 2246
-122.12916666667 42.362500000019 2075
-122.12083333334 42.362500000019 2012
-122.11250000001 42.362500000019 1985
-122.10416666667 42.362500000019 2133
-122.09583333334 42.362500000019 2084
-122.08750000001 42.362500000019 1919
-122.07916666667 42.362500000019 1831
-122.07083333334 42.362500000019 1828
-122.06250000001 42.362500000019 1768
-122.05416666667 42.362500000019 1722
-122.16250000001 42.370833333352 1875
-122.15416666667 42.370833333352 1915
-122.14583333334 42.370833333352 2036
-122.13750000001 42.370833333352 2145
-122.12916666667 42.370833333352 2199
-122.12083333334 42.370833333352 2049
-122.11250000001 42.370833333352 1890
-122.10416666667 42.370833333352 2008
-122.09583333334 42.370833333352 2325
-122.08750000001 42.370833333352 2236
-122.07916666667 42.370833333352 2146
-122.07083333334 42.370833333352 1987
-122.06250000001 42.370833333352 1832
-122.05416666667 42.370833333352 1677
-122.16250000001 42.379166666686 1763
-122.15416666667 42.379166666686 1888
-122.14583333334 42.379166666686 1960
-122.13750000001 42.379166666686 2039
-122.12916666667 42.379166666686 2134
-122.12083333334 42.379166666686 2009
-122.11250000001 42.379166666686 1870
-122.10416666667 42.379166666686 1882
-122.09583333334 42.379166666686 2245
-122.08750000001 42.379166666686 2213
-122.07916666667 42.379166666686 2068
-122.07083333334 42.379166666686 1887
-122.06250000001 42.379166666686 1753
-122.05416666667 42.379166666686 1632
-122.16250000001 42.387500000019 1727
-122.15416666667 42.387500000019 1805
-122.14583333334 42.387500000019 1856
-122.13750000001 42.387500000019 1904
-122.12916666667 42.387500000019 1909
-122.12083333334 42.387500000019 1868
-122.11250000001 42.387500000019 1828
-122.10416666667 42.387500000019 1817
-122.09583333334 42.387500000019 1897
-122.08750000001 42.387500000019 1911
-122.07916666667 42.387500000019 1814
-122.07083333334 42.387500000019 1667
-122.06250000001 42.387500000019 1548
-122.05416666667 42.387500000019 1493
