-122.76250008607 37.93750000502 0
-122.72916675252 37.93750000502 182
-122.72083341913 37.93750000502 243
-122.77083341946 37.94583333836 113
-122.76250008607 37.94583333836 179
-122.75416675268 37.94583333836 227
-122.73750008591 37.94583333836 279
-122.72916675252 37.94583333836 282
-122.72083341913 37.94583333836 164
-122.77916675285 37.9541666717 60
-122.77083341946 37.9541666717 150
-122.76250008607 37.9541666717 203
-122.75416675268 37.9541666717 365
-122.7458334193 37.9541666717 290
-122.73750008591 37.9541666717 313
-122.72916675252 37.9541666717 211
-122.72083341913 37.9541666717 82
-122.78750008624 37.96250000504 0
-122.77916675285 37.96250000504 162
-122.77083341946 37.96250000504 182
-122.76250008607 37.96250000504 243
-122.75416675268 37.96250000504 357
-122.7458334193 37.96250000504 365
-122.73750008591 37.96250000504 304
-122.78750008624 37.97083333838 59
-122.77916675285 37.97083333838 174
-122.77083341946 37.97083333838 182
-122.76250008607 37.97083333838 365
-122.75416675268 37.97083333838 365
-122.7458334193 37.97083333838 319
-122.79583341963 37.97916667172 152
-122.78750008624 37.97916667172 243
-122.77916675285 37.97916667172 229
-122.77083341946 37.97916667172 243
-122.76250008607 37.97916667172 365
-122.75416675268 37.97916667172 306
-122.7458334193 37.97916667172 182
-122.81250008641 37.98750000506 0
-122.80416675302 37.98750000506 170
-122.79583341963 37.98750000506 200
-122.78750008624 37.98750000506 192
-122.76250008607 37.98750000506 182
-123.02083342114 37.9958333384 0
-123.01250008775 37.9958333384 0
-122.81250008641 37.9958333384 146
-122.80416675302 37.9958333384 68
-122.79583341963 37.9958333384 82
-122.78750008624 37.9958333384 155
-122.77916675285 37.9958333384 346
-122.82916675319 38.00416667174 52
-122.8208334198 38.00416667174 157
-122.81250008641 38.00416667174 233
-122.80416675302 38.00416667174 191
-123.00416675436 38.01250000508 15
-122.84583341997 38.01250000508 0
-122.83750008658 38.01250000508 85
-122.82916675319 38.01250000508 182
-122.8208334198 38.01250000508 284
-122.81250008641 38.01250000508 301
-122.80416675302 38.01250000508 121
-122.85416675336 38.02083333842 44
-122.84583341997 38.02083333842 138
-122.83750008658 38.02083333842 121
-122.82916675319 38.02083333842 239
-122.8208334198 38.02083333842 300
-122.81250008641 38.02083333842 266
-122.80416675302 38.02083333842 243
-122.92083342047 38.02916667176 0
-122.91250008708 38.02916667176 0
-122.90416675369 38.02916667176 0
-122.8958334203 38.02916667176 0
-122.87083342013 38.02916667176 20
-122.86250008674 38.02916667176 60
-122.85416675336 38.02916667176 113
-122.84583341997 38.02916667176 121
-122.83750008658 38.02916667176 188
-122.82916675319 38.02916667176 243
-122.8208334198 38.02916667176 243
-122.81250008641 38.02916667176 198
-122.90416675369 38.0375000051 1
-122.8958334203 38.0375000051 28
-122.88750008691 38.0375000051 35
-122.86250008674 38.0375000051 61
-122.85416675336 38.0375000051 100
-122.84583341997 38.0375000051 122
-122.83750008658 38.0375000051 182
-122.82916675319 38.0375000051 243
-122.8208334198 38.0375000051 365
-122.81250008641 38.0375000051 210
-122.90416675369 38.04583333844 1
-122.8958334203 38.04583333844 60
-122.88750008691 38.04583333844 24
-122.87916675352 38.04583333844 74
-122.84583341997 38.04583333844 121
-122.83750008658 38.04583333844 243
-122.8208334198 38.04583333844 262
-122.81250008641 38.04583333844 183
-122.90416675369 38.05416667178 23
-122.8958334203 38.05416667178 59
-122.88750008691 38.05416667178 40
-122.87083342013 38.05416667178 101
-122.86250008674 38.05416667178 60
-122.84583341997 38.05416667178 179
-122.88750008691 38.06250000512 121
-122.87916675352 38.06250000512 121
-122.87083342013 38.06250000512 182
-122.86250008674 38.06250000512 144
-122.85416675336 38.06250000512 121
-122.88750008691 38.07083333846 60
-122.87916675352 38.07083333846 121
-122.87083342013 38.07083333846 211
-122.86250008674 38.07083333846 205
-122.85416675336 38.07083333846 243
-122.8958334203 38.0791666718 60
-122.88750008691 38.0791666718 140
-122.87916675352 38.0791666718 266
-122.87083342013 38.0791666718 366
-122.97083342081 38.08750000514 1
-122.90416675369 38.08750000514 65
-122.8958334203 38.08750000514 134
-122.88750008691 38.08750000514 228
-122.87916675352 38.08750000514 327
-122.8958334203 38.09583333848 128
-122.95416675403 38.1208333385 1
-122.95416675403 38.12916667184 1
-122.95416675403 38.17916667188 94
-122.94583342064 38.17916667188 182
-122.96250008742 38.18750000522 48
-122.94583342064 38.18750000522 97
-122.93750008725 38.18750000522 43
-122.96250008742 38.19583333856 63
-122.95416675403 38.19583333856 60
-122.96250008742 38.2041666719 117
-122.95416675403 38.2041666719 61
-122.97083342081 38.21250000524 121
-122.96250008742 38.21250000524 40
-122.97916675419 38.22083333858 1
-122.97083342081 38.22083333858 60
-122.98750008758 38.22916667192 0
-122.97916675419 38.22916667192 8
-122.98750008758 38.23750000526 23
