-111.76250000001 44.579166666685 2252
-111.75416666668 44.579166666685 2382
-111.74583333334 44.579166666685 2381
-111.73750000001 44.579166666685 2725
-111.72916666668 44.579166666685 2804
-111.72083333334 44.579166666685 2494
-111.74583333334 44.587500000018 2165
-111.73750000001 44.587500000018 2195
-111.72916666668 44.587500000018 2225
-111.72083333334 44.587500000018 2134
-111.87916666668 44.595833333352 2319
-111.87083333334 44.595833333352 2289
-111.86250000001 44.595833333352 2204
-111.85416666668 44.595833333352 2174
-111.84583333334 44.595833333352 2187
-111.83750000001 44.595833333352 2237
-111.82916666668 44.595833333352 2198
-111.82083333334 44.595833333352 2138
-111.81250000001 44.595833333352 2134
-111.74583333334 44.595833333352 2030
-111.73750000001 44.595833333352 2016
-111.72916666668 44.595833333352 2016
-111.72083333334 44.595833333352 2016
-111.71250000001 44.595833333352 2016
-111.70416666668 44.595833333352 2019
-111.69583333334 44.595833333352 2026
-111.68750000001 44.595833333352 2027
-111.67916666668 44.595833333352 2027
-111.67083333334 44.595833333352 2027
-111.66250000001 44.595833333352 2027
-111.87916666668 44.604166666685 2141
-111.87083333334 44.604166666685 2123
-111.86250000001 44.604166666685 2093
-111.85416666668 44.604166666685 2088
-111.84583333334 44.604166666685 2109
-111.83750000001 44.604166666685 2075
-111.82916666668 44.604166666685 2027
-111.74583333334 44.604166666685 2023
-111.73750000001 44.604166666685 2016
-111.72916666668 44.604166666685 2016
-111.72083333334 44.604166666685 2016
-111.71250000001 44.604166666685 2016
-111.70416666668 44.604166666685 2016
-111.69583333334 44.604166666685 2016
-111.68750000001 44.604166666685 2017
-111.67916666668 44.604166666685 2023
-111.67083333334 44.604166666685 2027
-111.66250000001 44.604166666685 2027
-111.84583333334 44.612500000018 2027
-111.83750000001 44.612500000018 2027
-111.82916666668 44.612500000018 2027
-111.82083333334 44.612500000018 2027
-111.81250000001 44.612500000018 2027
-111.80416666668 44.612500000018 2027
-111.77916666668 44.612500000018 2027
-111.77083333334 44.612500000018 2027
-111.76250000001 44.612500000018 2027
-111.75416666668 44.612500000018 2027
-111.74583333334 44.612500000018 2023
-111.73750000001 44.612500000018 2016
-111.72916666668 44.612500000018 2016
-111.72083333334 44.612500000018 2016
-111.71250000001 44.612500000018 2016
-111.70416666668 44.612500000018 2016
-111.69583333334 44.612500000018 2016
-111.68750000001 44.612500000018 2016
-111.67916666668 44.612500000018 2027
-111.85416666668 44.620833333351 2023
-111.84583333334 44.620833333351 2018
-111.83750000001 44.620833333351 2016
-111.82916666668 44.620833333351 2016
-111.82083333334 44.620833333351 2023
-111.81250000001 44.620833333351 2027
-111.80416666668 44.620833333351 2027
-111.77916666668 44.620833333351 2027
-111.77083333334 44.620833333351 2027
-111.76250000001 44.620833333351 2026
-111.75416666668 44.620833333351 2018
-111.74583333334 44.620833333351 2016
-111.73750000001 44.620833333351 2016
-111.72916666668 44.620833333351 2016
-111.72083333334 44.620833333351 2016
-111.71250000001 44.620833333351 2016
-111.70416666668 44.620833333351 2016
-111.69583333334 44.620833333351 2018
-111.68750000001 44.620833333351 2024
-111.67916666668 44.620833333351 2027
-111.67083333334 44.620833333351 2027
-111.66250000001 44.620833333351 2027
-111.86250000001 44.629166666685 2022
-111.85416666668 44.629166666685 2016
-111.84583333334 44.629166666685 2016
-111.83750000001 44.629166666685 2016
-111.82916666668 44.629166666685 2016
-111.82083333334 44.629166666685 2016
-111.81250000001 44.629166666685 2025
-111.80416666668 44.629166666685 2027
-111.79583333334 44.629166666685 2027
-111.78750000001 44.629166666685 2027
-111.77916666668 44.629166666685 2024
-111.77083333334 44.629166666685 2019
-111.76250000001 44.629166666685 2017
-111.75416666668 44.629166666685 2016
-111.74583333334 44.629166666685 2016
-111.73750000001 44.629166666685 2016
-111.72916666668 44.629166666685 2016
-111.72083333334 44.629166666685 2016
-111.71250000001 44.629166666685 2016
-111.70416666668 44.629166666685 2016
-111.69583333334 44.629166666685 2016
-111.68750000001 44.629166666685 2025
-111.67916666668 44.629166666685 2027
-111.67083333334 44.629166666685 2027
-111.66250000001 44.629166666685 2027
-111.87083333334 44.637500000018 2027
-111.86250000001 44.637500000018 2017
-111.85416666668 44.637500000018 2016
-111.84583333334 44.637500000018 2016
-111.83750000001 44.637500000018 2016
-111.82916666668 44.637500000018 2016
-111.82083333334 44.637500000018 2016
-111.81250000001 44.637500000018 2016
-111.80416666668 44.637500000018 2016
-111.79583333334 44.637500000018 2016
-111.78750000001 44.637500000018 2016
-111.77916666668 44.637500000018 2016
-111.77083333334 44.637500000018 2016
-111.76250000001 44.637500000018 2016
-111.75416666668 44.637500000018 2016
-111.74583333334 44.637500000018 2016
-111.73750000001 44.637500000018 2016
-111.72916666668 44.637500000018 2016
-111.72083333334 44.637500000018 2016
-111.71250000001 44.637500000018 2016
-111.70416666668 44.637500000018 2016
-111.69583333334 44.637500000018 2016
-111.68750000001 44.637500000018 2016
-111.67916666668 44.637500000018 2021
-111.67083333334 44.637500000018 2026
-111.66250000001 44.637500000018 2027
-111.88750000001 44.645833333351 2016
-111.87916666668 44.645833333351 2016
-111.87083333334 44.645833333351 2016
-111.86250000001 44.645833333351 2016
-111.85416666668 44.645833333351 2016
-111.84583333334 44.645833333351 2016
-111.83750000001 44.645833333351 2016
-111.82916666668 44.645833333351 2016
-111.82083333334 44.645833333351 2016
-111.81250000001 44.645833333351 2016
-111.80416666668 44.645833333351 2016
-111.79583333334 44.645833333351 2016
-111.78750000001 44.645833333351 2016
-111.77916666668 44.645833333351 2016
-111.77083333334 44.645833333351 2019
-111.76250000001 44.645833333351 2021
-111.75416666668 44.645833333351 2021
-111.74583333334 44.645833333351 2022
-111.73750000001 44.645833333351 2018
-111.72916666668 44.645833333351 2016
-111.72083333334 44.645833333351 2024
-111.71250000001 44.645833333351 2027
-111.70416666668 44.645833333351 2027
-111.69583333334 44.645833333351 2025
-111.68750000001 44.645833333351 2027
-111.67916666668 44.645833333351 2026
-111.67083333334 44.645833333351 2027
-111.66250000001 44.645833333351 2027
-111.88750000001 44.654166666685 2027
-111.87916666668 44.654166666685 2016
-111.87083333334 44.654166666685 2016
-111.86250000001 44.654166666685 2017
-111.85416666668 44.654166666685 2016
-111.84583333334 44.654166666685 2016
-111.83750000001 44.654166666685 2017
-111.82916666668 44.654166666685 2016
-111.82083333334 44.654166666685 2016
-111.81250000001 44.654166666685 2019
-111.80416666668 44.654166666685 2023
-111.79583333334 44.654166666685 2025
-111.78750000001 44.654166666685 2027
-111.77916666668 44.654166666685 2027
-111.77083333334 44.654166666685 2027
-111.76250000001 44.654166666685 2027
-111.73750000001 44.654166666685 2027
-111.72916666668 44.654166666685 2027
-111.72083333334 44.654166666685 2027
-111.71250000001 44.654166666685 2027
-111.67083333334 44.654166666685 2027
-111.66250000001 44.654166666685 2027
-111.87083333334 44.662500000018 2026
-111.86250000001 44.662500000018 2027
-111.85416666668 44.662500000018 2026
-111.84583333334 44.662500000018 2027
-111.83750000001 44.662500000018 2027
-111.82916666668 44.662500000018 2027
-111.82083333334 44.662500000018 2025
-111.81250000001 44.662500000018 2027
-111.80416666668 44.662500000018 2027
-111.79583333334 44.662500000018 2027
-111.78750000001 44.662500000018 2027
-111.77916666668 44.662500000018 2027
-111.77083333334 44.662500000018 2027
-111.76250000001 44.662500000018 2027
-111.70416666668 44.662500000018 2027
-111.69583333334 44.662500000018 2027
-111.68750000001 44.662500000018 2027
-111.67916666668 44.662500000018 2027
-111.67083333334 44.662500000018 2056
-111.66250000001 44.662500000018 2056
-111.70416666668 44.670833333351 2042
-111.69583333334 44.670833333351 2042
-111.68750000001 44.670833333351 2038
-111.67916666668 44.670833333351 2069
-111.67083333334 44.670833333351 2117
-111.66250000001 44.670833333351 2109
-111.70416666668 44.679166666685 2066
-111.69583333334 44.679166666685 2069
-111.68750000001 44.679166666685 2134
-111.67916666668 44.679166666685 2133
-111.67083333334 44.679166666685 2154
-111.66250000001 44.679166666685 2131
