-110.89583333334 33.762500000002 1645
-110.88750000001 33.762500000002 1280
-110.87916666668 33.762500000002 1523
-110.82916666668 33.762500000002 957
-110.92916666668 33.770833333336 2072
-110.92083333334 33.770833333336 1735
-110.91250000001 33.770833333336 1581
-110.90416666668 33.770833333336 1506
-110.89583333334 33.770833333336 1341
-110.88750000001 33.770833333336 1509
-110.87916666668 33.770833333336 1570
-110.87083333334 33.770833333336 1524
-110.86250000001 33.770833333336 1474
-110.85416666668 33.770833333336 1491
-110.84583333334 33.770833333336 1410
-110.83750000001 33.770833333336 1115
-110.92083333334 33.779166666669 1844
-110.91250000001 33.779166666669 1661
-110.90416666668 33.779166666669 1483
-110.89583333334 33.779166666669 1571
-110.88750000001 33.779166666669 1694
-110.87916666668 33.779166666669 1633
-110.87083333334 33.779166666669 1498
-110.86250000001 33.779166666669 1495
-110.85416666668 33.779166666669 1645
-110.84583333334 33.779166666669 1370
-110.92916666668 33.787500000002 2011
-110.92083333334 33.787500000002 1736
-110.91250000001 33.787500000002 1774
-110.90416666668 33.787500000002 1822
-110.89583333334 33.787500000002 1757
-110.88750000001 33.787500000002 1646
-110.87916666668 33.787500000002 1587
-110.87083333334 33.787500000002 1530
-110.86250000001 33.787500000002 1524
-110.85416666668 33.787500000002 1566
-110.84583333334 33.787500000002 1252
-110.92916666668 33.795833333336 1828
-110.92083333334 33.795833333336 2011
-110.91250000001 33.795833333336 2106
-110.90416666668 33.795833333336 2051
-110.89583333334 33.795833333336 1950
-110.88750000001 33.795833333336 1804
-110.87916666668 33.795833333336 1826
-110.87083333334 33.795833333336 1640
-110.86250000001 33.795833333336 1615
-110.85416666668 33.795833333336 1510
-110.92916666668 33.804166666669 2001
-110.91250000001 33.804166666669 2194
-110.90416666668 33.804166666669 2158
-110.89583333334 33.804166666669 2056
-110.88750000001 33.804166666669 1962
-110.87916666668 33.804166666669 1950
-110.87083333334 33.804166666669 1961
-110.86250000001 33.804166666669 1643
-110.85416666668 33.804166666669 1337
-110.88750000001 33.812500000002 1972
-110.87916666668 33.812500000002 1830
-110.87083333334 33.812500000002 1560
-110.86250000001 33.812500000002 1374
-110.85416666668 33.812500000002 1233
-110.88750000001 33.820833333336 2004
-110.87916666668 33.820833333336 1834
-110.87083333334 33.820833333336 1587
-110.86250000001 33.820833333336 1163
-110.88750000001 33.829166666669 1878
-110.87916666668 33.829166666669 1584
-110.87083333334 33.829166666669 1528
-110.86250000001 33.829166666669 1219
-110.92083333334 33.837500000002 2142
-110.91250000001 33.837500000002 2206
-110.90416666668 33.837500000002 2119
-110.89583333334 33.837500000002 1831
-110.88750000001 33.837500000002 1828
-110.87916666668 33.837500000002 1678
-110.87083333334 33.837500000002 1341
-110.91250000001 33.845833333336 2141
-110.90416666668 33.845833333336 2223
-110.89583333334 33.845833333336 2011
-110.88750000001 33.845833333336 1828
-110.87916666668 33.845833333336 1584
-110.87083333334 33.845833333336 1233
-110.91250000001 33.854166666669 2255
-110.90416666668 33.854166666669 2036
-110.89583333334 33.854166666669 1727
-110.88750000001 33.854166666669 1478
-110.87916666668 33.854166666669 1440
-110.88750000001 33.862500000002 1426
-110.87916666668 33.862500000002 1325
-110.89583333334 33.870833333336 1454
-110.88750000001 33.870833333336 1274
-110.91250000001 33.879166666669 1632
-110.90416666668 33.879166666669 1426
-110.89583333334 33.879166666669 1275
-110.95416666668 33.887500000002 1888
-110.94583333334 33.887500000002 2118
-110.93750000001 33.887500000002 2146
-110.92916666668 33.887500000002 2176
-110.92083333334 33.887500000002 1750
-110.91250000001 33.887500000002 1596
-110.90416666668 33.887500000002 1364
-110.94583333334 33.895833333336 2162
-110.93750000001 33.895833333336 2011
-110.92916666668 33.895833333336 2072
-110.92083333334 33.895833333336 1718
-110.91250000001 33.895833333336 1470
-110.90416666668 33.895833333336 1343
-110.94583333334 33.904166666669 1962
-110.93750000001 33.904166666669 1894
-110.92916666668 33.904166666669 1875
-110.92083333334 33.904166666669 1828
-110.91250000001 33.904166666669 1478
-110.94583333334 33.912500000002 1865
-110.93750000001 33.912500000002 1807
-110.92916666668 33.912500000002 1746
-110.92083333334 33.912500000002 1747
-110.91250000001 33.912500000002 1402
-110.93750000001 33.920833333336 1829
-110.92916666668 33.920833333336 1828
-110.92083333334 33.920833333336 1419
-110.92916666668 33.929166666669 1465
