-121.62916666667 40.670833333353 2011
-121.62083333334 40.670833333353 2066
-121.61250000001 40.670833333353 2035
-121.60416666667 40.670833333353 2035
-121.59583333334 40.670833333353 2046
-121.58750000001 40.670833333353 1974
-121.57916666667 40.670833333353 1897
-121.57083333334 40.670833333353 1864
-121.56250000001 40.670833333353 1865
-121.55416666667 40.670833333353 1889
-121.54583333334 40.670833333353 1937
-121.53750000001 40.670833333353 1885
-121.64583333334 40.679166666686 1788
-121.63750000001 40.679166666686 1889
-121.62916666667 40.679166666686 2044
-121.62083333334 40.679166666686 2168
-121.61250000001 40.679166666686 2293
-121.60416666667 40.679166666686 2246
-121.59583333334 40.679166666686 2194
-121.58750000001 40.679166666686 2054
-121.57916666667 40.679166666686 1950
-121.57083333334 40.679166666686 1924
-121.56250000001 40.679166666686 1903
-121.55416666667 40.679166666686 1908
-121.54583333334 40.679166666686 1944
-121.53750000001 40.679166666686 1991
-121.64583333334 40.68750000002 1828
-121.63750000001 40.68750000002 2011
-121.62916666667 40.68750000002 2194
-121.62083333334 40.68750000002 2458
-121.61250000001 40.68750000002 2508
-121.60416666667 40.68750000002 2427
-121.59583333334 40.68750000002 2360
-121.58750000001 40.68750000002 2258
-121.57916666667 40.68750000002 2185
-121.57083333334 40.68750000002 2049
-121.56250000001 40.68750000002 1989
-121.55416666667 40.68750000002 1985
-121.54583333334 40.68750000002 1918
-121.53750000001 40.68750000002 1972
-121.64583333334 40.695833333353 1817
-121.63750000001 40.695833333353 1987
-121.62916666667 40.695833333353 2188
-121.62083333334 40.695833333353 2475
-121.61250000001 40.695833333353 2411
-121.60416666667 40.695833333353 2316
-121.59583333334 40.695833333353 2314
-121.58750000001 40.695833333353 2194
-121.57916666667 40.695833333353 2100
-121.57083333334 40.695833333353 2111
-121.56250000001 40.695833333353 2072
-121.55416666667 40.695833333353 2032
-121.54583333334 40.695833333353 1917
-121.53750000001 40.695833333353 1856
-121.64583333334 40.704166666686 1782
-121.63750000001 40.704166666686 1900
-121.62916666667 40.704166666686 2028
-121.62083333334 40.704166666686 2174
-121.61250000001 40.704166666686 2255
-121.60416666667 40.704166666686 2245
-121.59583333334 40.704166666686 2167
-121.58750000001 40.704166666686 2172
-121.57916666667 40.704166666686 2052
-121.57083333334 40.704166666686 2011
-121.56250000001 40.704166666686 2011
-121.55416666667 40.704166666686 1977
-121.54583333334 40.704166666686 1869
-121.53750000001 40.704166666686 1799
-121.62916666667 40.71250000002 1873
-121.62083333334 40.71250000002 1964
-121.61250000001 40.71250000002 2027
-121.60416666667 40.71250000002 2125
-121.59583333334 40.71250000002 2093
-121.58750000001 40.71250000002 2072
-121.57916666667 40.71250000002 2011
-121.57083333334 40.71250000002 1991
-121.56250000001 40.71250000002 1986
-121.55416666667 40.71250000002 1900
-121.54583333334 40.71250000002 1828
-121.53750000001 40.71250000002 1809
-121.62916666667 40.720833333353 1780
-121.62083333334 40.720833333353 1810
-121.61250000001 40.720833333353 1828
-121.60416666667 40.720833333353 1926
-121.59583333334 40.720833333353 2011
-121.58750000001 40.720833333353 1996
-121.57916666667 40.720833333353 2011
-121.57083333334 40.720833333353 1990
-121.56250000001 40.720833333353 1981
-121.55416666667 40.720833333353 1926
-121.54583333334 40.720833333353 1845
-121.53750000001 40.720833333353 1827
-121.58750000001 40.729166666686 1974
-121.57916666667 40.729166666686 2072
-121.57083333334 40.729166666686 2105
-121.56250000001 40.729166666686 2011
-121.55416666667 40.729166666686 1965
-121.54583333334 40.729166666686 1865
-121.53750000001 40.729166666686 1832
-121.58750000001 40.73750000002 1950
-121.57916666667 40.73750000002 2133
-121.57083333334 40.73750000002 2224
-121.56250000001 40.73750000002 2139
-121.55416666667 40.73750000002 1981
-121.54583333334 40.73750000002 1841
-121.53750000001 40.73750000002 1770
