-112.97083333334 37.145833333334 1294
-112.95416666668 37.145833333334 1317
-112.93750000001 37.145833333334 1529
-112.92083333334 37.145833333334 1798
-112.90416666668 37.145833333334 1767
-112.97083333334 37.162500000001 1265
-112.95416666668 37.162500000001 1247
-112.93750000001 37.162500000001 1446
-112.92083333334 37.162500000001 1739
-112.90416666668 37.162500000001 1556
-112.88750000001 37.162500000001 1756
-112.87083333334 37.162500000001 1767
-113.08750000001 37.179166666668 1227
-113.07083333334 37.179166666668 1234
-113.05416666668 37.179166666668 1226
-113.03750000001 37.179166666668 1280
-113.02083333334 37.179166666668 1332
-112.98750000001 37.179166666668 1391
-112.97083333334 37.179166666668 1803
-112.95416666668 37.179166666668 1494
-112.93750000001 37.179166666668 1748
-112.92083333334 37.179166666668 1459
-112.90416666668 37.179166666668 1280
-112.88750000001 37.179166666668 1530
-112.87083333334 37.179166666668 1363
-113.08750000001 37.195833333334 1319
-113.07083333334 37.195833333334 1203
-113.05416666668 37.195833333334 1331
-113.03750000001 37.195833333334 1721
-113.02083333334 37.195833333334 1755
-112.98750000001 37.195833333334 1218
-112.97083333334 37.195833333334 1384
-112.95416666668 37.195833333334 1768
-112.93750000001 37.195833333334 1827
-112.92083333334 37.195833333334 1650
-112.90416666668 37.195833333334 1770
-112.88750000001 37.195833333334 1742
-112.87083333334 37.195833333334 1647
-113.10416666668 37.212500000001 1432
-113.08750000001 37.212500000001 1341
-113.07083333334 37.212500000001 1357
-113.05416666668 37.212500000001 1307
-113.03750000001 37.212500000001 1358
-113.02083333334 37.212500000001 2174
-113.00416666668 37.212500000001 1395
-112.98750000001 37.212500000001 1280
-112.97083333334 37.212500000001 1275
-112.95416666668 37.212500000001 1463
-112.93750000001 37.212500000001 1583
-112.92083333334 37.212500000001 1670
-112.90416666668 37.212500000001 1826
-112.88750000001 37.212500000001 2050
-112.87083333334 37.212500000001 1828
-113.10416666668 37.229166666668 1395
-113.08750000001 37.229166666668 1345
-113.07083333334 37.229166666668 1385
-113.05416666668 37.229166666668 1341
-113.03750000001 37.229166666668 1417
-113.02083333334 37.229166666668 1980
-113.00416666668 37.229166666668 2035
-112.98750000001 37.229166666668 2133
-112.97083333334 37.229166666668 1447
-112.95416666668 37.229166666668 1742
-112.93750000001 37.229166666668 1800
-112.92083333334 37.229166666668 1897
-112.90416666668 37.229166666668 1816
-112.88750000001 37.229166666668 1812
-112.87083333334 37.229166666668 1764
-113.10416666668 37.245833333334 1584
-113.08750000001 37.245833333334 1676
-113.07083333334 37.245833333334 1777
-113.05416666668 37.245833333334 1464
-113.03750000001 37.245833333334 1540
-113.02083333334 37.245833333334 1536
-113.00416666668 37.245833333334 1949
-112.98750000001 37.245833333334 2013
-112.97083333334 37.245833333334 1875
-112.95416666668 37.245833333334 1344
-112.93750000001 37.245833333334 1829
-112.92083333334 37.245833333334 2072
-112.90416666668 37.245833333334 1952
-112.88750000001 37.245833333334 2000
-112.87083333334 37.245833333334 1873
-113.10416666668 37.262500000001 1280
-113.08750000001 37.262500000001 1471
-113.07083333334 37.262500000001 1462
-113.05416666668 37.262500000001 1889
-113.03750000001 37.262500000001 1755
-113.02083333334 37.262500000001 2115
-113.00416666668 37.262500000001 2113
-112.98750000001 37.262500000001 1945
-112.97083333334 37.262500000001 1844
-112.95416666668 37.262500000001 1729
-112.93750000001 37.262500000001 1869
-112.92083333334 37.262500000001 1908
-112.90416666668 37.262500000001 1976
-112.88750000001 37.262500000001 1998
-113.10416666668 37.279166666668 1424
-113.08750000001 37.279166666668 1538
-113.07083333334 37.279166666668 1375
-113.05416666668 37.279166666668 1510
-113.03750000001 37.279166666668 1459
-113.02083333334 37.279166666668 1592
-113.00416666668 37.279166666668 2114
-112.98750000001 37.279166666668 1859
-112.97083333334 37.279166666668 2074
-112.95416666668 37.279166666668 1815
-112.93750000001 37.279166666668 1815
-112.92083333334 37.279166666668 1707
-112.90416666668 37.279166666668 2011
-113.10416666668 37.295833333334 1718
-113.08750000001 37.295833333334 1817
-113.07083333334 37.295833333334 1524
-113.05416666668 37.295833333334 2016
-113.03750000001 37.295833333334 1767
-113.02083333334 37.295833333334 1987
-113.00416666668 37.295833333334 1912
-112.98750000001 37.295833333334 2194
-112.97083333334 37.295833333334 2074
-112.95416666668 37.295833333334 1785
-112.93750000001 37.295833333334 1797
-112.92083333334 37.295833333334 2010
-112.90416666668 37.295833333334 1954
-113.10416666668 37.312500000001 1828
-113.08750000001 37.312500000001 1767
-113.07083333334 37.312500000001 1877
-113.05416666668 37.312500000001 1991
-113.03750000001 37.312500000001 1828
-113.02083333334 37.312500000001 2164
-113.00416666668 37.312500000001 1855
-112.98750000001 37.312500000001 2181
-112.97083333334 37.312500000001 1848
-112.95416666668 37.312500000001 1579
-112.93750000001 37.312500000001 1568
-112.92083333334 37.312500000001 1524
-112.90416666668 37.312500000001 1585
-113.10416666668 37.329166666668 1957
-113.08750000001 37.329166666668 1883
-113.07083333334 37.329166666668 2064
-113.05416666668 37.329166666668 2078
-113.03750000001 37.329166666668 1970
-113.02083333334 37.329166666668 1815
-113.00416666668 37.329166666668 2185
-112.98750000001 37.329166666668 2138
-112.97083333334 37.329166666668 2028
-112.95416666668 37.329166666668 1463
-112.93750000001 37.329166666668 1925
-112.92083333334 37.329166666668 1951
-112.90416666668 37.329166666668 1950
-113.10416666668 37.345833333334 2121
-113.08750000001 37.345833333334 1998
-113.07083333334 37.345833333334 2162
-113.05416666668 37.345833333334 2154
-113.03750000001 37.345833333334 2314
-113.02083333334 37.345833333334 2012
-113.00416666668 37.345833333334 2197
-112.98750000001 37.345833333334 2137
-112.97083333334 37.345833333334 1855
-112.95416666668 37.345833333334 1854
-112.93750000001 37.345833333334 1823
-112.92083333334 37.345833333334 1976
-112.90416666668 37.345833333334 1960
-113.12083333334 37.362500000001 1950
-113.10416666668 37.362500000001 2101
-113.08750000001 37.362500000001 2221
-113.07083333334 37.362500000001 2314
-113.05416666668 37.362500000001 2377
-113.03750000001 37.362500000001 2232
-113.02083333334 37.362500000001 2196
-113.00416666668 37.362500000001 2119
-112.98750000001 37.362500000001 1789
-112.97083333334 37.362500000001 2073
-112.95416666668 37.362500000001 1833
-112.93750000001 37.362500000001 1647
-112.92083333334 37.362500000001 1940
-112.90416666668 37.362500000001 1877
-113.18750000001 37.379166666668 1464
-113.17083333334 37.379166666668 1589
-113.15416666668 37.379166666668 1827
-113.13750000001 37.379166666668 1951
-113.12083333334 37.379166666668 1816
-113.10416666668 37.379166666668 2130
-113.05416666668 37.379166666668 2417
-113.03750000001 37.379166666668 2313
-113.02083333334 37.379166666668 2263
-113.00416666668 37.379166666668 2159
-113.20416666668 37.395833333334 1827
-113.18750000001 37.395833333334 1534
-113.17083333334 37.395833333334 1812
-113.15416666668 37.395833333334 1999
-113.13750000001 37.395833333334 1812
-113.12083333334 37.395833333334 1916
-113.10416666668 37.395833333334 2436
-113.00416666668 37.395833333334 1895
-113.20416666668 37.412500000001 1825
-113.18750000001 37.412500000001 1704
-113.17083333334 37.412500000001 1650
-113.15416666668 37.412500000001 1601
-113.13750000001 37.412500000001 1898
-113.12083333334 37.412500000001 2118
-113.10416666668 37.412500000001 2267
-113.20416666668 37.429166666668 1883
-113.18750000001 37.429166666668 1708
-113.17083333334 37.429166666668 2107
-113.15416666668 37.429166666668 1960
-113.13750000001 37.429166666668 1945
-113.12083333334 37.429166666668 1811
-113.10416666668 37.429166666668 1882
-113.20416666668 37.445833333334 2017
-113.18750000001 37.445833333334 1798
-113.17083333334 37.445833333334 1921
-113.15416666668 37.445833333334 2119
-113.22083333334 37.462500000001 1568
-113.20416666668 37.462500000001 1674
-113.18750000001 37.462500000001 1743
-113.17083333334 37.462500000001 2133
-113.15416666668 37.462500000001 2133
-113.20416666668 37.479166666668 1798
-113.18750000001 37.479166666668 1972
-113.17083333334 37.479166666668 2254
-113.15416666668 37.479166666668 2527
-113.18750000001 37.495833333334 1880
-113.17083333334 37.495833333334 1828
-113.15416666668 37.495833333334 2245
